healthy | potential | infected0 0 0 
586 0 0 
611 0 0 
649 0 0 
683 0 0 
718 0 0 
745 0 1 
774 0 1 
796 1 1 
821 1 1 
865 1 1 
910 1 1 
936 2 1 
962 2 1 
988 2 1 
1021 2 1 
1049 2 1 
1095 2 1 
1125 2 1 
1164 2 1 
1196 2 1 
1233 2 1 
1262 2 1 
1294 2 1 
1333 2 1 
1364 2 1 
1400 2 1 
1439 2 1 
1462 2 1 
1509 2 1 
1547 2 1 
1585 2 1 
1618 2 1 
1659 2 1 
1705 2 2 
1736 3 2 
1774 3 2 
1812 4 2 
1852 4 2 
1881 4 2 
1912 4 2 
1948 4 3 
1979 5 3 
2008 5 3 
2038 5 3 
2063 5 3 
2104 5 3 
2137 5 3 
2187 5 3 
2218 5 3 
2254 5 3 
2287 5 3 
2332 5 3 
2377 5 3 
2409 5 3 
2441 5 3 
2488 5 3 
2520 5 4 
2558 5 4 
2579 5 4 
2620 5 4 
2646 5 4 
2678 5 4 
2717 5 4 
2761 5 4 
2783 5 4 
2814 5 4 
2848 5 4 
2876 5 4 
2900 5 4 
2929 5 4 
2954 6 5 
2988 6 5 
3019 6 5 
3056 6 5 
3093 6 5 
3129 6 5 
3164 6 5 
3202 6 5 
3237 6 5 
3261 6 6 
3288 6 6 
3322 6 6 
3363 7 6 
3398 7 6 
3429 7 6 
3455 7 6 
3490 7 6 
3515 7 6 
3551 7 6 
3658 7 6 
3800 7 6 
3923 7 7 
4029 7 7 
4140 7 7 
4246 7 7 
4358 11 7 
4478 11 7 
4608 11 7 
4720 11 8 
4840 12 8 
4956 12 8 
5075 16 8 
5196 20 8 
5307 22 8 
5434 24 8 
5546 24 8 
5648 24 8 
5776 24 8 
5900 24 8 
6032 24 9 
6151 26 9 
6280 28 9 
6408 29 9 
6527 29 10 
6628 32 10 
6738 34 10 
6852 35 10 
6969 36 10 
7104 36 10 
7206 37 10 
7323 37 10 
7440 37 10 
7556 37 10 
7708 37 10 
7819 37 10 
7951 37 10 
8063 37 10 
8171 37 10 
8305 37 10 
8419 37 10 
8563 37 10 
8678 37 10 
8777 37 10 
8906 37 10 
9029 37 10 
9142 37 10 
9265 37 10 
9360 37 10 
9468 37 10 
9592 37 10 
9732 38 11 
9854 38 11 
9967 39 11 
10096 39 11 
10224 39 11 
10346 39 11 
10453 39 11 
10594 40 12 
10707 40 12 
10810 41 12 
10914 43 12 
11033 46 12 
11153 46 12 
11279 46 12 
11385 46 12 
11515 46 12 
11641 46 12 
11763 46 12 
11894 46 12 
12003 46 12 
12119 46 12 
12249 46 12 
12356 47 13 
12475 48 13 
12594 48 13 
12706 50 13 
12831 51 13 
12961 51 13 
13097 51 13 
13198 51 13 
13316 51 13 
13452 51 13 
13571 51 13 
13700 51 13 
13834 51 13 
13971 51 13 
14102 51 13 
14232 51 13 
14350 51 13 
14456 51 13 
14584 51 13 
14686 51 13 
14814 51 13 
14911 51 13 
15009 51 13 
15120 51 13 
15247 51 13 
15364 51 13 
15468 51 14 
15601 52 14 
15730 53 14 
15867 53 14 
15970 53 15 
16081 54 15 
16193 54 15 
16328 54 15 
16461 56 15 
16590 56 15 
16724 56 15 
16851 56 15 
16962 56 15 
17071 56 15 
17181 56 15 
17328 56 15 
17460 56 15 
17577 56 15 
17680 56 15 
17788 56 15 
17893 56 15 
18002 56 15 
18116 56 15 
18230 56 15 
18330 56 15 
18460 56 15 
18570 56 15 
18689 56 15 
18814 56 15 
18931 56 15 
19058 56 15 
19149 56 15 
19273 56 15 
19398 56 15 
19515 56 15 
19655 56 15 
19778 56 15 
19904 56 16 
20046 58 17 
20165 60 17 
20285 62 17 
20416 62 17 
20548 62 17 
20664 63 17 
20776 63 17 
20889 64 17 
21009 65 18 
21117 65 18 
21261 68 20 
21392 69 20 
21512 73 21 
21536 79 21 
21577 83 21 
21617 85 21 
21654 87 21 
21691 87 21 
21725 87 21 
21764 87 21 
21797 87 21 
21829 87 21 
21874 87 21 
21927 87 21 
21965 87 21 
22008 87 21 
22054 87 21 
22098 87 21 
22143 87 21 
22187 87 21 
22234 87 21 
22265 87 21 
22313 87 21 
22357 87 21 
22387 87 21 
22422 87 21 
22458 87 21 
22491 87 21 
22530 87 21 
22565 87 21 
22605 87 21 
22646 87 21 
22689 87 21 
22743 87 21 
22783 87 21 
22823 87 22 
22853 87 22 
22890 88 22 
22934 88 22 
22980 88 22 
23021 89 22 
23064 89 22 
23102 89 22 
23142 89 22 
23169 89 22 
23210 89 23 
23254 89 23 
23303 89 23 
23343 89 23 
23388 89 23 
23425 89 23 
23457 89 23 
23503 89 23 
23547 89 23 
23579 89 23 
23628 89 23 
23660 89 23 
23693 89 23 
23735 89 23 
23777 89 23 
23812 89 23 
23855 89 23 
23900 89 24 
23933 89 24 
23968 90 24 
24007 90 24 
24044 90 24 
24079 90 24 
24115 90 25 
24159 92 25 
24201 92 25 
24246 93 25 
24285 93 25 
24317 93 25 
24352 93 25 
24407 93 25 
24453 93 25 
24506 93 25 
24546 93 25 
24581 93 25 
24615 93 25 
24663 93 25 
24698 93 25 
24736 93 25 
24781 93 25 
24814 93 25 
24851 93 25 
24887 93 25 
24927 93 25 
24971 93 25 
25015 93 25 
25062 93 25 
25097 93 25 
25124 93 25 
25158 93 25 
25210 93 25 
25248 93 25 
25294 93 26 
25330 93 26 
25381 93 26 
25428 93 26 
25470 93 26 
25514 93 26 
25545 93 26 
25585 93 26 
25615 93 26 
25664 93 26 
25707 93 26 
25738 93 26 
25773 93 26 
25819 93 26 
25854 93 26 
25887 93 26 
25932 93 26 
25967 93 26 
26008 93 26 
26049 93 26 
26084 93 27 
26127 93 28 
26162 93 28 
26206 95 28 
26241 95 28 
26273 96 28 
26312 96 29 
26360 97 29 
26405 97 29 
26449 97 29 
26487 97 29 
26528 97 29 
26558 98 29 
26595 98 29 
26640 98 29 
26683 98 29 
26708 98 29 
26745 98 29 
26783 98 29 
26818 98 29 
26854 98 29 
26899 98 29 
26940 98 29 
26977 98 29 
27010 98 29 
27049 98 29 
27092 98 29 
27122 98 29 
27161 98 29 
27198 98 29 
27235 98 29 
27277 98 29 
27312 98 29 
27347 98 29 
27384 98 29 
27435 98 29 
27471 98 30 
27509 98 30 
27543 98 30 
27591 98 30 
27642 98 30 
27676 98 30 
27717 101 30 
27752 102 31 
27789 102 31 
27828 102 31 
27869 102 32 
27916 103 32 
27950 103 33 
27995 103 33 
28028 103 33 
28063 105 33 
28108 109 33 
28146 109 33 
28179 109 33 
28221 109 33 
28276 109 33 
28308 109 33 
28343 109 33 
28393 109 33 
28428 109 33 
28466 109 33 
28492 109 33 
28530 109 33 
28562 109 33 
28611 109 33 
28651 109 33 
28690 109 33 
28733 109 33 
28783 109 33 
28826 109 34 
28861 109 34 
28897 109 34 
28935 109 34 
28980 109 35 
29014 110 35 
29049 110 35 
29089 110 35 
29146 110 35 
29190 111 35 
29228 111 35 
29258 111 35 
29320 111 35 
29358 111 35 
29392 111 35 
29433 111 35 
29473 111 35 
29512 111 35 
29546 111 35 
29574 111 35 
29625 111 35 
29668 111 35 
29695 111 35 
29724 111 35 
29765 111 35 
29802 111 35 
29850 111 35 
29899 111 35 
29942 111 35 
29987 111 35 
30022 111 35 
30062 111 35 
30111 111 35 
30143 111 35 
30185 111 35 
30228 111 35 
30263 111 35 
30308 111 35 
30358 111 35 
30400 111 35 
30436 111 35 
30488 111 35 
30530 111 35 
30572 111 35 
30624 111 35 
30662 111 35 
30712 112 36 
30747 112 36 
30781 112 36 
30814 112 36 
30852 112 37 
30882 114 38 
30923 115 38 
30961 115 38 
31002 118 38 
31054 118 38 
31099 118 38 
31135 119 38 
31172 120 38 
31217 120 38 
31249 120 38 
31287 120 38 
31331 120 38 
31374 120 38 
31422 120 38 
31450 120 38 
31493 120 38 
31536 120 38 
31568 120 38 
31630 120 38 
31658 120 39 
31707 122 39 
31750 122 39 
31790 122 39 
31825 122 39 
31868 122 40 
31898 122 40 
31933 122 40 
31975 122 40 
32024 122 40 
32064 122 40 
32104 122 40 
32146 122 40 
32191 122 40 
32223 122 40 
32262 122 40 
32300 122 40 
32347 122 40 
32386 122 40 
32422 122 40 
32461 122 40 
32511 122 40 
32552 122 40 
32594 122 40 
32628 122 40 
32660 122 40 
32700 122 40 
32742 122 40 
32779 122 40 
32815 122 40 
32864 122 40 
32902 122 40 
32943 122 40 
32977 122 40 
33010 122 40 
33048 122 40 
33091 122 40 
33125 122 40 
33169 122 40 
33202 122 40 
33246 122 40 
33293 122 40 
33333 122 40 
33377 122 40 
33411 122 40 
33448 122 40 
33483 122 40 
33530 122 40 
33562 122 40 
33592 122 40 
33623 123 41 
33658 123 41 
33708 123 41 
33758 123 41 
33805 123 41 
33852 123 41 
33889 123 41 
33927 123 41 
33965 123 41 
34004 123 41 
34049 123 42 
34088 123 42 
34127 123 42 
34160 124 42 
34199 124 42 
34247 124 43 
34303 124 43 
34342 124 43 
34384 125 43 
34418 127 43 
34452 127 43 
34495 127 43 
34540 127 43 
34588 127 43 
34638 127 43 
34672 127 43 
34716 127 43 
34763 127 43 
34796 127 43 
34842 127 44 
34882 127 44 
34927 127 44 
34967 127 45 
34997 128 45 
35040 128 46 
35085 128 46 
35118 129 47 
35159 134 47 
35198 138 47 
35236 138 47 
35267 139 47 
35299 139 47 
35335 139 47 
35374 139 47 
35409 139 47 
35440 139 47 
35478 139 47 
35521 139 47 
35557 139 47 
35615 139 47 
35662 139 47 
35714 139 47 
35762 139 47 
35794 139 47 
35830 139 47 
35868 139 47 
35902 139 47 
35938 139 47 
35985 139 47 
36035 139 47 
36081 139 47 
36114 139 47 
36146 139 47 
36185 139 47 
36228 139 48 
36271 139 48 
36312 139 48 
36350 141 48 
36394 141 48 
36431 141 48 
36472 141 48 
36508 141 48 
36538 141 48 
36569 141 48 
36606 141 48 
36645 141 48 
36693 141 48 
36742 141 48 
36773 141 48 
36810 141 48 
36838 141 48 
36871 141 48 
36900 141 48 
36951 141 48 
36991 141 48 
37028 141 48 
37070 141 48 
37108 141 48 
37147 141 48 
37189 141 48 
37222 141 48 
37256 141 48 
37291 141 48 
37338 141 48 
37372 141 48 
37406 141 48 
37442 141 48 
37479 141 48 
37523 141 48 
37555 141 48 
37612 141 48 
37651 141 49 
37695 141 49 
37735 141 49 
37772 142 49 
37815 143 49 
37855 144 49 
37897 144 49 
37947 144 49 
37975 144 49 
38015 144 50 
38050 144 50 
38087 144 50 
38126 145 51 
38161 146 51 
38209 146 51 
38246 147 51 
38282 148 51 
38317 149 51 
38352 149 51 
38381 149 51 
38418 149 52 
38461 149 52 
38519 149 52 
38564 149 52 
38600 149 52 
38639 149 52 
38682 149 52 
38718 149 52 
38759 149 52 
38800 149 52 
38849 149 52 
38886 149 52 
38925 149 52 
38966 149 52 
38998 149 52 
39035 149 52 
39075 149 53 
39113 149 53 
39147 149 54 
39186 151 54 
39224 152 54 
39272 152 54 
39303 152 54 
39341 152 54 
39377 152 54 
39457 152 54 
39537 152 54 
39622 152 54 
39708 152 54 
39785 152 54 
39880 152 55 
39953 152 55 
40054 152 55 
40125 152 55 
40212 152 55 
40293 152 55 
40386 152 55 
40460 152 55 
40531 152 55 
40624 152 55 
40692 152 55 
40766 152 55 
40855 152 55 
40921 152 55 
40996 152 55 
41086 152 55 
41171 152 55 
41245 152 55 
41319 152 55 
41399 152 55 
41480 152 55 
41555 152 55 
41633 152 55 
41721 152 55 
41786 152 55 
41854 152 56 
41927 156 56 
42007 157 56 
42078 157 56 
42148 157 56 
42236 157 56 
42314 157 56 
42394 157 56 
42469 157 56 
42534 157 56 
42611 157 56 
42693 157 56 
42781 157 56 
42848 157 56 
42919 157 56 
42992 157 56 
43064 157 56 
43137 157 56 
43206 157 56 
43288 157 56 
43356 157 56 
43442 157 56 
43517 157 56 
43600 157 56 
43658 157 56 
43731 157 56 
43806 157 56 
43891 157 56 
43966 157 56 
44060 157 56 
44147 157 56 
44237 157 56 
44329 157 57 
44406 160 57 
44511 160 57 
44579 161 57 
44669 161 57 
44759 166 57 
44842 166 57 
44916 166 57 
45009 166 57 
45073 166 57 
45161 166 57 
45237 166 57 
45311 166 57 
45391 166 57 
45459 166 57 
45537 166 57 
45616 166 57 
45698 166 57 
45772 166 57 
45846 166 57 
45929 166 57 
46012 166 57 
46082 166 57 
46167 166 57 
46246 166 57 
46329 166 57 
46410 166 57 
46482 166 57 
46571 166 57 
46657 166 57 
46726 166 57 
46817 166 57 
46877 166 57 
46956 166 57 
47042 166 57 
47116 166 57 
47207 166 57 
47286 166 57 
47362 166 57 
47453 166 57 
47528 166 57 
47621 166 57 
47697 166 57 
47771 166 57 
47853 166 57 
47919 166 57 
48000 166 57 
48084 166 57 
48162 166 57 
48239 166 57 
48322 166 57 
48400 166 58 
48458 166 58 
48534 166 58 
48609 166 58 
48704 167 58 
48790 167 58 
48853 167 58 
48928 167 58 
48985 167 58 
49069 167 58 
49158 167 58 
49230 167 58 
49311 167 59 
49372 167 59 
49457 167 59 
49540 168 59 
49634 168 59 
49707 168 59 
49782 168 60 
49869 171 60 
49940 172 60 
50021 173 60 
50098 173 61 
50183 174 62 
50260 176 62 
50335 178 62 
50402 183 62 
50472 184 62 
50537 189 62 
50594 189 62 
50664 189 62 
50750 189 62 
50843 189 62 
50927 189 62 
51010 189 62 
51101 189 62 
51175 189 62 
51219 189 62 
51270 189 62 
51317 189 62 
51362 189 63 
51408 189 63 
51458 189 63 
51493 189 63 
51543 189 63 
51591 189 63 
51647 189 63 
51698 189 63 
51744 189 63 
51787 189 63 
51825 189 63 
51877 189 63 
51928 189 63 
51988 189 63 
52038 189 63 
52095 189 63 
52147 189 63 
52198 189 63 
52251 189 63 
52294 189 63 
52340 189 63 
52398 189 63 
52456 189 63 
52515 189 63 
52561 189 63 
52616 189 63 
52678 189 63 
52733 189 63 
52786 189 63 
52834 189 63 
52887 189 63 
52928 189 63 
52974 189 63 
53023 189 63 
53073 189 63 
53115 189 63 
53160 189 63 
53207 189 63 
53255 189 64 
53305 189 64 
53343 191 64 
53399 191 64 
53445 193 65 
53499 193 65 
53561 193 65 
53610 193 65 
53672 193 65 
53715 193 65 
53779 193 65 
53841 193 65 
53895 193 65 
53953 193 65 
54001 193 65 
54053 193 65 
54103 193 65 
54142 193 65 
54186 193 65 
54235 193 66 
54275 194 66 
54325 194 66 
54379 194 66 
54421 196 66 
54465 196 67 
54523 196 68 
54568 196 68 
54613 196 68 
54672 196 68 
54730 198 68 
54792 199 68 
54842 199 68 
54897 199 68 
54948 199 68 
54996 199 68 
55038 199 68 
55095 199 68 
55150 199 68 
55193 199 68 
55243 199 68 
55293 199 68 
55334 199 69 
55381 200 69 
55414 200 69 
55474 200 69 
55524 202 69 
55580 202 69 
55619 202 69 
55667 202 69 
55712 202 69 
55773 202 69 
55817 202 69 
55872 202 69 
55923 202 69 
55983 202 69 
56034 202 69 
56069 202 69 
56123 202 69 
56174 202 69 
56233 202 69 
56300 202 69 
56350 202 69 
56397 202 70 
56441 202 70 
56484 202 70 
56532 202 70 
56589 202 70 
56645 202 70 
56708 202 70 
56759 202 70 
56815 202 70 
56862 202 70 
56919 202 70 
56968 202 70 
57023 202 70 
57068 202 70 
57133 202 70 
57196 202 70 
57232 202 70 
57282 202 70 
57340 202 70 
57382 202 70 
57441 202 70 
57498 202 70 
57529 202 70 
57585 202 70 
57645 202 70 
57696 202 70 
57738 202 70 
57780 202 70 
57832 202 70 
57868 202 70 
57900 202 70 
57946 202 70 
57995 202 70 
58045 202 70 
58093 202 70 
58149 202 70 
58202 202 70 
58253 202 70 
58292 202 70 
58342 202 70 
58397 202 70 
58447 202 70 
58494 202 70 
58563 202 70 
58606 202 70 
58661 202 70 
58713 202 70 
58769 202 70 
58832 202 70 
58881 202 70 
58940 202 70 
58986 202 70 
59032 202 70 
59079 202 70 
59134 202 70 
59194 202 70 
59244 202 70 
59294 202 70 
59337 202 70 
59382 202 70 
59434 202 70 
59492 202 70 
59533 202 70 
59585 202 70 
59630 202 70 
59681 202 70 
59717 202 70 
59758 202 71 
59810 203 72 
59843 203 72 
59879 204 72 
59920 204 72 
59963 205 72 
60004 208 72 
60054 209 72 
60097 209 73 
60144 209 73 
60143 210 73 