healthy | potential | infected0 0 0 
509 0 0 
547 0 0 
572 0 0 
609 0 0 
650 0 0 
688 0 0 
721 0 0 
752 0 0 
795 0 0 
833 0 0 
872 0 0 
914 0 0 
955 0 0 
983 0 0 
1018 0 0 
1052 0 0 
1079 0 0 
1112 0 0 
1150 0 0 
1194 0 0 
1220 0 0 
1242 0 0 
1274 0 0 
1303 0 0 
1344 0 0 
1383 0 0 
1419 0 0 
1450 0 0 
1489 0 0 
1517 0 1 
1552 0 1 
1583 1 1 
1614 1 1 
1665 1 1 
1699 1 1 
1734 1 1 
1762 1 1 
1800 1 1 
1841 1 1 
1874 1 1 
1911 1 1 
1948 1 1 
1988 1 1 
2027 1 1 
2060 1 1 
2093 1 1 
2125 1 1 
2166 1 1 
2197 1 1 
2242 1 1 
2265 1 1 
2307 1 1 
2353 1 1 
2390 1 1 
2420 1 1 
2454 1 1 
2477 1 1 
2509 1 1 
2541 1 1 
2581 1 1 
2612 1 1 
2641 1 1 
2675 2 2 
2712 2 2 
2747 2 2 
2783 2 2 
2815 3 2 
2847 5 2 
2881 5 2 
2916 5 2 
2943 5 3 
2972 6 3 
3013 6 4 
3031 6 4 
3059 6 4 
3098 7 4 
3122 8 4 
3148 8 5 
3181 8 5 
3214 8 5 
3249 8 5 
3274 8 5 
3305 9 6 
3341 9 6 
3375 9 6 
3404 9 6 
3420 9 6 
3452 9 6 
3493 9 6 
3537 9 6 
3656 9 6 
3788 9 6 
3912 9 6 
4031 9 6 
4153 9 6 
4279 9 6 
4405 9 6 
4513 9 6 
4614 9 6 
4750 9 6 
4865 9 6 
4978 10 7 
5096 10 7 
5221 11 7 
5342 12 7 
5474 14 7 
5592 17 7 
5696 17 7 
5806 17 7 
5932 17 7 
6055 17 7 
6165 17 7 
6321 17 8 
6444 18 9 
6550 19 9 
6663 24 9 
6770 27 9 
6892 27 9 
7025 27 9 
7139 27 9 
7251 27 9 
7369 27 9 
7484 27 9 
7598 28 10 
7721 28 10 
7845 29 10 
7967 30 10 
8108 31 10 
8230 31 10 
8345 32 10 
8472 32 10 
8596 32 10 
8702 32 10 
8828 32 10 
8942 32 10 
9064 32 10 
9181 32 10 
9312 32 10 
9430 32 10 
9550 32 10 
9683 32 10 
9809 32 10 
9924 32 10 
10054 32 10 
10165 32 10 
10277 33 11 
10369 35 11 
10475 35 11 
10595 35 11 
10699 35 11 
10835 36 11 
10969 36 11 
11086 36 11 
11210 36 11 
11342 38 12 
11462 39 12 
11563 39 12 
11665 40 12 
11805 40 13 
11937 44 13 
12073 45 13 
12191 45 13 
12333 50 13 
12440 51 13 
12567 51 13 
12672 51 13 
12783 51 13 
12905 51 13 
13023 51 13 
13135 51 13 
13261 51 13 
13392 51 13 
13520 51 14 
13650 52 14 
13763 54 14 
13878 55 14 
13991 57 14 
14106 58 14 
14225 60 14 
14337 61 14 
14457 61 14 
14585 61 14 
14730 61 14 
14854 61 14 
14981 61 14 
15103 61 14 
15230 61 14 
15344 61 14 
15477 61 14 
15597 61 14 
15724 61 14 
15855 61 14 
15998 61 14 
16114 61 14 
16243 61 14 
16394 61 14 
16515 61 14 
16659 61 14 
16784 61 14 
16887 61 14 
16986 61 14 
17107 61 14 
17219 61 14 
17352 61 14 
17477 61 14 
17600 61 14 
17726 61 14 
17827 61 14 
17942 61 14 
18053 61 14 
18162 61 14 
18273 61 14 
18386 61 15 
18500 61 15 
18618 62 15 
18727 63 15 
18836 63 15 
18957 63 15 
19058 66 15 
19195 66 15 
19307 67 16 
19449 67 16 
19569 68 16 
19706 69 16 
19807 69 17 
19928 72 17 
20056 73 17 
20186 73 17 
20321 76 17 
20437 76 17 
20550 78 17 
20671 79 17 
20793 79 17 
20899 79 17 
21030 79 17 
21138 79 17 
21267 79 17 
21396 79 17 
21513 79 17 
21647 79 17 
21678 79 18 
21718 79 18 
21757 79 18 
21801 79 18 
21838 81 18 
21876 81 18 
21914 81 18 
21964 81 18 
22004 81 18 
22040 81 19 
22078 82 19 
22125 82 19 
22167 84 20 
22218 84 20 
22265 85 20 
22304 85 20 
22356 85 20 
22399 85 20 
22437 85 20 
22478 85 20 
22515 85 20 
22558 85 20 
22596 85 20 
22643 85 20 
22683 85 20 
22721 85 20 
22774 85 20 
22817 85 20 
22847 85 20 
22883 85 20 
22926 85 20 
22966 85 20 
23002 85 20 
23034 85 20 
23061 85 20 
23105 85 20 
23143 85 20 
23187 85 20 
23228 85 20 
23262 85 20 
23306 85 20 
23340 85 20 
23364 85 20 
23399 85 20 
23422 85 20 
23472 85 20 
23508 85 21 
23548 85 21 
23593 85 21 
23634 85 21 
23675 85 22 
23716 85 22 
23762 85 22 
23807 85 22 
23846 85 22 
23878 85 22 
23910 85 22 
23968 85 22 
24009 85 22 
24055 85 22 
24089 85 22 
24121 85 22 
24154 85 22 
24199 85 22 
24249 85 23 
24284 86 23 
24324 86 23 
24355 86 23 
24390 86 23 
24427 87 23 
24478 88 23 
24521 88 23 
24567 88 23 
24605 88 23 
24638 88 23 
24675 88 23 
24705 88 23 
24746 88 23 
24783 88 23 
24817 88 23 
24855 88 23 
24890 88 23 
24919 88 23 
24965 88 23 
25009 88 23 
25042 88 23 
25080 88 23 
25116 88 23 
25153 88 23 
25195 88 23 
25234 88 23 
25267 88 23 
25311 88 23 
25346 88 23 
25396 88 23 
25431 88 23 
25476 88 24 
25515 88 24 
25555 89 24 
25595 90 24 
25639 90 24 
25677 91 25 
25719 91 25 
25760 91 25 
25800 91 25 
25850 91 25 
25908 91 25 
25943 91 25 
25980 91 25 
26002 91 25 
26044 91 25 
26079 91 25 
26112 91 25 
26152 91 25 
26186 91 25 
26223 91 25 
26260 91 25 
26298 91 25 
26337 91 25 
26382 91 25 
26429 91 25 
26457 91 25 
26506 91 25 
26559 91 25 
26605 91 25 
26649 91 25 
26682 91 25 
26707 91 25 
26740 91 25 
26775 91 25 
26816 91 25 
26849 91 25 
26890 91 25 
26932 91 25 
26960 91 25 
26991 91 25 
27022 91 25 
27051 91 25 
27083 91 25 
27123 91 25 
27163 91 25 
27206 91 25 
27245 91 25 
27289 91 25 
27333 91 25 
27374 91 25 
27407 91 25 
27446 91 25 
27483 91 25 
27517 91 25 
27561 91 25 
27606 91 25 
27651 91 25 
27683 91 26 
27719 91 26 
27752 92 26 
27782 92 26 
27819 92 26 
27855 92 26 
27900 92 26 
27945 92 26 
27989 92 26 
28036 92 26 
28079 92 27 
28114 92 28 
28151 92 28 
28185 92 28 
28222 92 28 
28270 92 28 
28299 92 28 
28349 92 28 
28389 92 28 
28429 92 28 
28475 92 28 
28522 92 28 
28558 92 28 
28608 92 28 
28646 92 28 
28682 92 28 
28724 92 28 
28746 92 28 
28782 92 28 
28824 92 28 
28863 92 28 
28909 92 28 
28960 92 28 
28984 92 28 
29020 92 28 
29050 92 28 
29095 92 28 
29132 92 28 
29174 92 28 
29214 92 28 
29252 92 28 
29283 92 28 
29322 92 28 
29360 92 28 
29407 92 28 
29452 92 28 
29500 92 28 
29542 92 28 
29587 92 28 
29631 92 28 
29679 92 28 
29719 92 28 
29754 92 28 
29794 92 28 
29831 92 28 
29871 92 28 
29908 92 28 
29943 92 28 
29990 92 28 
30039 92 28 
30076 92 28 
30101 92 28 
30139 92 28 
30176 92 28 
30221 92 28 
30260 92 28 
30310 92 28 
30342 92 28 
30373 92 28 
30414 93 29 
30452 93 29 
30481 93 29 
30511 94 29 
30547 94 29 
30583 94 29 
30625 94 29 
30672 94 29 
30711 94 29 
30749 94 29 
30786 94 29 
30830 94 29 
30875 94 29 
30913 94 29 
30961 94 29 
31005 94 29 
31045 94 29 
31084 94 29 
31126 94 29 
31161 94 29 
31205 94 29 
31252 95 30 
31289 95 30 
31333 96 30 
31362 97 30 
31403 98 30 
31445 98 30 
31477 98 30 
31519 98 30 
31547 98 30 
31590 98 30 
31624 98 30 
31667 98 30 
31711 98 30 
31757 98 30 
31806 98 30 
31859 98 31 
31911 99 31 
31946 99 31 
31978 99 31 
32025 99 31 
32069 99 31 
32102 99 31 
32139 99 31 
32174 99 31 
32204 99 31 
32244 99 31 
32283 99 31 
32319 99 31 
32359 99 31 
32397 99 31 
32440 99 31 
32477 99 31 
32507 99 31 
32539 99 31 
32592 99 31 
32651 99 31 
32692 99 31 
32720 99 31 
32766 99 31 
32807 99 31 
32837 99 31 
32874 99 31 
32923 99 31 
32966 99 31 
33008 99 31 
33057 99 31 
33096 99 31 
33138 99 31 
33175 99 31 
33219 99 31 
33254 99 31 
33300 99 31 
33347 99 31 
33392 99 31 
33420 99 31 
33460 99 31 
33503 99 31 
33543 99 31 
33574 99 31 
33616 99 31 
33654 99 32 
33692 99 32 
33731 99 32 
33777 99 32 
33815 100 32 
33852 101 32 
33889 101 32 
33930 101 34 
33973 101 34 
34011 101 34 
34068 101 34 
34111 101 34 
34155 101 34 
34200 102 34 
34239 102 34 
34283 102 34 
34329 102 34 
34368 102 34 
34403 102 34 
34455 102 34 
34499 102 35 
34542 102 35 
34577 102 35 
34621 102 35 
34660 102 35 
34695 102 35 
34739 102 35 
34773 102 35 
34810 102 35 
34857 102 35 
34897 102 35 
34928 102 35 
34963 102 35 
35010 102 35 
35065 102 35 
35101 102 35 
35139 102 35 
35180 102 35 
35226 102 35 
35274 102 35 
35315 102 35 
35356 102 35 
35394 102 35 
35435 102 35 
35488 102 35 
35520 102 35 
35554 102 35 
35600 102 35 
35648 102 35 
35696 102 36 
35729 103 37 
35767 104 37 
35809 105 38 
35845 105 38 
35880 105 38 
35913 105 38 
35951 105 38 
35985 106 38 
36026 106 38 
36069 106 38 
36107 106 38 
36143 106 39 
36183 106 39 
36224 106 39 
36261 107 39 
36302 107 39 
36348 107 39 
36388 107 39 
36422 107 39 
36454 107 39 
36493 107 39 
36544 107 39 
36587 107 39 
36632 107 39 
36673 107 39 
36705 107 39 
36736 107 39 
36784 107 39 
36829 107 39 
36869 107 39 
36914 107 39 
36951 107 39 
36988 107 39 
37030 107 39 
37079 107 39 
37121 107 39 
37177 107 39 
37218 107 39 
37267 107 39 
37301 107 39 
37338 107 39 
37382 107 39 
37413 107 40 
37453 107 40 
37497 107 40 
37527 107 41 
37567 107 41 
37620 109 42 
37665 111 42 
37703 113 42 
37749 113 42 
37784 114 42 
37819 115 42 
37851 115 42 
37888 117 42 
37933 117 42 
37978 117 42 
38017 117 42 
38054 117 42 
38090 117 42 
38120 117 42 
38167 117 42 
38204 117 42 
38258 117 42 
38298 117 42 
38344 117 42 
38375 117 42 
38418 117 42 
38447 117 42 
38488 117 42 
38520 117 42 
38567 117 43 
38597 117 43 
38639 117 43 
38689 117 43 
38728 117 43 
38761 117 43 
38802 117 44 
38838 117 44 
38883 118 44 
38922 118 44 
38960 118 44 
38997 118 44 
39037 118 44 
39077 118 44 
39118 118 44 
39157 118 44 
39190 118 44 
39231 118 44 
39274 118 44 
39322 118 44 
39352 118 44 
39395 118 44 
39427 118 44 
39466 118 44 
39515 118 44 
39558 118 44 
39637 118 44 
39710 118 44 
39792 118 44 
39877 118 44 
39961 118 44 
40034 118 44 
40104 118 44 
40191 118 44 
40263 118 44 
40337 118 44 
40418 118 44 
40502 118 44 
40593 118 44 
40675 118 44 
40760 118 44 
40847 118 44 
40930 118 44 
41001 118 44 
41081 118 44 
41163 118 44 
41254 118 44 
41326 118 44 
41407 118 44 
41490 118 44 
41574 118 44 
41665 118 44 
41756 118 44 
41844 118 44 
41937 118 44 
42021 118 44 
42112 118 44 
42196 118 44 
42280 118 44 
42359 118 44 
42445 118 44 
42518 118 44 
42609 118 44 
42682 118 44 
42759 118 44 
42840 118 44 
42924 118 44 
43003 118 44 
43069 118 45 
43151 119 45 
43236 119 45 
43316 119 45 
43399 119 45 
43490 119 45 
43576 119 45 
43657 120 45 
43734 120 45 
43804 120 45 
43888 120 45 
43976 120 45 
44059 120 45 
44147 120 45 
44220 120 45 
44293 120 45 
44371 120 45 
44461 120 45 
44531 120 45 
44594 120 45 
44659 120 45 
44737 120 45 
44833 120 45 
44920 120 45 
44990 120 45 
45066 120 45 
45150 120 45 
45223 120 45 
45315 120 45 
45393 120 45 
45458 120 45 
45533 120 45 
45611 120 45 
45700 120 45 
45774 120 45 
45864 120 45 
45953 120 45 
46038 120 45 
46118 120 46 
46191 120 46 
46270 120 46 
46348 120 46 
46425 120 46 
46487 120 46 
46560 120 46 
46627 120 46 
46707 120 46 
46799 120 46 
46887 120 46 
46968 120 46 
47039 120 46 
47110 120 46 
47193 120 46 
47267 120 46 
47333 120 46 
47394 120 46 
47464 120 46 
47531 120 46 
47621 120 46 
47685 120 46 
47768 120 46 
47858 120 46 
47932 120 46 
48020 120 46 
48093 120 46 
48181 120 46 
48261 120 46 
48353 120 46 
48430 120 46 
48516 121 47 
48581 121 47 
48663 121 47 
48731 121 47 
48810 121 47 
48889 122 47 
48973 122 47 
49060 122 47 
49158 122 47 
49238 122 47 
49308 122 47 
49405 122 47 
49475 122 47 
49549 122 47 
49627 122 47 
49713 122 48 
49784 124 48 
49852 124 48 
49940 124 48 
50011 124 48 
50093 125 48 
50165 129 48 
50236 131 48 
50319 131 48 
50412 131 48 
50478 131 49 
50554 132 49 
50612 132 49 
50689 132 49 
50780 134 50 
50861 134 50 
50953 134 50 
51029 135 51 
51105 135 51 
51184 135 51 
51264 138 51 
51339 138 51 
51425 138 51 
51497 138 51 
51556 138 51 
51603 138 51 
51662 138 51 
51709 138 51 
51762 138 51 
51817 138 51 
51873 138 51 
51926 138 51 
51977 138 51 
52022 138 51 
52070 138 51 
52128 138 51 
52186 138 51 
52254 138 51 
52314 138 51 
52383 138 51 
52436 138 51 
52483 138 51 
52538 138 51 
52580 138 51 
52647 138 51 
52694 138 51 
52749 138 51 
52802 138 51 
52843 138 51 
52894 138 51 
52933 138 51 
52983 138 51 
53041 138 51 
53085 138 51 
53136 138 51 
53180 138 51 
53224 138 51 
53262 138 51 
53314 138 51 
53372 138 51 
53429 138 51 
53483 138 51 
53534 138 51 
53588 138 51 
53629 138 51 
53680 138 51 
53725 138 51 
53761 138 51 
53809 138 51 
53875 138 51 
53924 138 51 
53977 138 51 
54033 138 51 
54090 138 52 
54144 139 52 
54192 139 52 
54253 139 52 
54314 139 52 
54369 139 52 
54424 139 52 
54477 139 52 
54546 139 52 
54594 139 52 
54636 139 53 
54682 139 53 
54735 139 53 
54781 139 53 
54828 139 53 
54873 140 53 
54916 140 53 
54971 140 53 
55016 140 53 
55068 140 53 
55114 140 53 
55171 140 53 
55220 140 53 
55265 140 53 
55316 140 53 
55355 140 53 
55393 140 54 
55453 141 54 
55512 141 54 
55552 141 54 
55610 141 54 
55661 141 54 
55722 141 54 
55764 141 54 
55811 143 54 
55863 143 54 
55920 143 54 
55972 143 54 
56009 143 54 
56056 143 54 
56110 143 54 
56170 143 54 
56222 143 54 
56263 143 54 
56311 143 54 
56348 143 54 
56408 143 55 
56464 143 55 
56521 143 55 
56566 144 55 
56612 144 55 
56663 144 55 
56716 144 56 
56765 144 56 
56813 145 56 
56861 145 56 
56919 145 56 
56957 146 56 
56998 146 56 
57046 146 56 
57082 146 56 
57133 146 56 
57177 146 56 
57224 146 56 
57278 146 56 
57336 146 56 
57392 146 56 
57443 146 56 
57484 146 56 
57526 146 56 
57570 146 56 
57619 146 56 
57664 146 56 
57722 146 56 
57763 146 56 
57805 146 56 
57863 146 56 
57906 146 56 
57956 146 56 
58004 146 56 
58051 146 56 
58103 146 56 
58153 146 56 
58206 146 56 
58262 146 56 
58305 146 56 
58353 146 56 
58395 146 56 
58445 146 56 
58496 146 56 
58541 146 56 
58588 146 56 
58647 146 56 
58712 146 57 
58759 146 57 
58812 147 58 
58873 148 58 
58930 150 58 
58971 152 58 
59006 152 58 
59060 152 58 
59105 152 58 
59155 152 58 
59205 152 58 
59254 152 58 
59297 152 58 
59345 152 58 
59390 152 58 
59447 152 58 
59506 152 58 
59563 152 58 
59609 152 58 
59663 152 59 
59714 152 59 
59767 152 59 
59805 152 59 
59849 153 59 
59898 153 59 
59940 153 59 
59985 153 59 
60034 153 59 
60090 153 59 
60142 153 59 
60184 153 59 
60236 153 59 
60286 153 59 
60349 153 59 
60398 153 59 
60449 153 59 
60494 153 59 
60544 153 59 
