healthy | potential | infected0 0 0 
476 0 0 
509 0 0 
535 0 0 
570 0 0 
600 0 0 
630 0 0 
664 0 0 
699 0 0 
738 0 0 
772 0 0 
799 0 0 
820 0 0 
863 0 0 
891 0 0 
920 0 0 
944 0 0 
975 0 0 
1015 0 1 
1045 1 1 
1077 1 1 
1120 1 1 
1146 1 1 
1178 2 1 
1224 2 1 
1260 2 1 
1297 2 1 
1338 2 1 
1376 2 1 
1410 2 1 
1435 2 1 
1466 2 1 
1488 2 1 
1521 2 1 
1544 2 1 
1576 2 1 
1624 2 1 
1665 2 1 
1700 2 1 
1732 2 1 
1771 2 1 
1808 2 1 
1854 2 1 
1896 2 1 
1933 2 1 
1971 2 1 
2006 2 1 
2040 2 1 
2074 2 1 
2097 2 1 
2140 2 1 
2168 2 1 
2203 2 1 
2234 2 2 
2252 2 2 
2279 2 2 
2324 2 2 
2365 2 2 
2406 2 2 
2441 2 2 
2477 2 2 
2515 2 2 
2552 2 2 
2589 2 2 
2627 2 3 
2659 2 3 
2692 2 4 
2720 2 5 
2750 3 5 
2777 4 5 
2815 4 5 
2848 4 5 
2882 4 5 
2907 4 5 
2932 4 5 
2962 4 5 
2990 4 6 
3024 4 6 
3047 5 6 
3087 5 6 
3120 5 6 
3151 5 6 
3185 5 6 
3212 5 6 
3247 5 6 
3291 5 6 
3327 5 6 
3362 5 6 
3390 5 6 
3432 5 6 
3455 5 6 
3581 5 6 
3703 5 6 
3807 5 6 
3916 5 6 
4041 5 6 
4180 5 6 
4308 5 6 
4441 5 6 
4574 5 6 
4681 5 6 
4808 5 6 
4922 5 6 
5039 5 6 
5161 5 6 
5279 5 6 
5416 5 7 
5533 6 7 
5649 6 7 
5766 7 7 
5888 7 7 
6002 9 7 
6124 9 7 
6276 9 7 
6400 9 7 
6510 9 7 
6639 9 7 
6766 9 7 
6861 9 7 
6995 9 7 
7096 9 7 
7200 9 7 
7316 9 7 
7444 9 7 
7568 9 7 
7705 9 7 
7839 9 7 
7936 9 7 
8062 9 7 
8187 9 8 
8307 10 8 
8448 11 8 
8557 12 9 
8670 13 9 
8780 13 9 
8909 13 9 
9029 13 9 
9156 13 9 
9290 14 9 
9405 14 9 
9534 14 9 
9666 14 9 
9772 14 10 
9883 15 10 
10007 15 10 
10111 15 10 
10248 16 10 
10374 16 10 
10473 17 10 
10606 18 10 
10722 18 10 
10836 18 10 
10940 18 10 
11071 18 10 
11184 18 10 
11297 18 11 
11444 18 11 
11572 18 11 
11681 18 11 
11784 18 11 
11895 18 11 
12020 18 11 
12134 18 11 
12254 18 11 
12351 18 11 
12474 18 11 
12606 18 11 
12725 18 11 
12834 18 11 
12958 18 11 
13110 18 11 
13224 18 11 
13341 18 11 
13454 18 11 
13575 18 11 
13697 18 11 
13793 18 11 
13901 18 11 
14021 18 11 
14143 18 11 
14276 18 11 
14372 18 11 
14489 18 11 
14652 18 11 
14783 18 11 
14906 18 11 
15041 18 11 
15137 18 11 
15245 18 11 
15369 18 11 
15491 19 12 
15612 20 12 
15723 20 12 
15862 20 12 
15977 20 12 
16085 20 12 
16198 20 12 
16318 20 12 
16441 20 12 
16557 20 12 
16693 20 12 
16798 20 12 
16918 20 12 
17048 20 12 
17152 20 12 
17293 20 12 
17414 20 13 
17525 22 14 
17647 26 14 
17761 26 14 
17868 27 14 
17997 28 14 
18103 29 14 
18233 31 14 
18365 31 14 
18480 31 14 
18601 31 14 
18723 31 14 
18808 31 14 
18913 31 14 
19029 31 14 
19158 31 14 
19279 31 14 
19376 31 14 
19501 31 14 
19618 31 14 
19731 31 14 
19848 31 14 
19972 31 14 
20102 31 14 
20211 31 14 
20319 31 14 
20445 31 14 
20570 31 14 
20693 31 14 
20809 31 14 
20934 31 15 
21046 34 15 
21172 36 16 
21302 37 16 
21430 38 17 
21455 40 17 
21487 40 17 
21521 40 17 
21548 41 17 
21594 41 17 
21637 41 17 
21684 41 17 
21714 41 17 
21753 41 17 
21796 41 17 
21838 41 17 
21884 41 17 
21923 41 17 
21971 41 17 
22012 41 17 
22049 41 17 
22107 41 17 
22163 41 17 
22202 41 17 
22235 41 17 
22274 41 18 
22307 41 18 
22340 41 18 
22374 41 18 
22421 41 18 
22459 41 18 
22493 41 18 
22535 41 18 
22563 41 19 
22611 41 19 
22654 41 19 
22692 41 19 
22734 41 19 
22767 42 19 
22808 42 19 
22846 42 19 
22884 42 19 
22927 42 19 
22970 42 19 
23026 42 19 
23071 42 19 
23106 42 19 
23154 42 19 
23192 42 19 
23222 42 19 
23259 42 19 
23297 42 19 
23335 42 19 
23369 42 19 
23409 42 19 
23448 42 19 
23488 42 19 
23527 42 19 
23571 42 19 
23611 42 19 
23650 42 20 
23707 42 20 
23745 42 20 
23787 42 20 
23816 43 20 
23855 43 20 
23893 43 20 
23931 43 20 
23964 43 20 
24001 43 20 
24040 43 20 
24068 43 20 
24105 43 20 
24153 43 20 
24192 43 20 
24224 43 20 
24277 43 20 
24322 43 20 
24378 43 20 
24430 43 21 
24468 43 21 
24505 44 21 
24540 44 21 
24579 44 21 
24622 44 21 
24654 44 21 
24693 44 21 
24733 44 21 
24778 44 21 
24820 44 21 
24862 44 21 
24898 44 21 
24944 44 21 
24992 44 21 
25034 44 21 
25073 44 21 
25107 44 21 
25143 44 21 
25182 44 21 
25212 44 21 
25258 44 21 
25303 44 21 
25341 44 21 
25377 44 21 
25423 44 21 
25465 44 21 
25507 44 21 
25548 44 21 
25594 44 21 
25632 44 21 
25667 44 21 
25697 44 21 
25735 44 21 
25771 44 21 
25809 44 22 
25851 45 22 
25893 45 22 
25933 45 22 
25980 45 22 
26021 45 22 
26059 45 22 
26106 45 22 
26150 45 22 
26189 45 22 
26229 45 22 
26276 45 22 
26305 45 22 
26341 45 22 
26391 45 22 
26425 45 22 
26454 45 23 
26492 45 23 
26527 45 23 
26570 45 23 
26620 45 23 
26654 45 23 
26685 46 23 
26718 47 23 
26754 48 23 
26787 48 23 
26826 48 23 
26862 48 23 
26903 48 23 
26947 48 23 
26992 48 23 
27028 48 23 
27063 48 23 
27106 48 24 
27151 48 24 
27197 48 24 
27241 48 24 
27276 48 24 
27317 48 24 
27357 48 24 
27397 48 24 
27426 48 24 
27475 48 24 
27531 48 24 
27567 48 24 
27599 48 24 
27633 48 24 
27680 48 24 
27710 48 24 
27755 48 24 
27799 48 24 
27832 48 24 
27866 48 24 
27904 48 24 
27947 48 24 
27991 48 24 
28028 48 24 
28073 48 24 
28116 48 25 
28167 48 25 
28209 48 25 
28259 48 25 
28298 48 25 
28337 48 25 
28379 48 25 
28418 48 25 
28468 48 25 
28517 48 25 
28558 48 25 
28610 48 25 
28644 48 25 
28682 48 25 
28724 48 25 
28753 48 25 
28793 48 25 
28825 48 25 
28859 48 25 
28905 48 25 
28945 48 26 
28988 48 26 
29034 48 26 
29084 48 26 
29119 48 26 
29157 48 26 
29200 48 26 
29250 48 26 
29289 48 26 
29326 48 26 
29357 48 27 
29402 48 27 
29446 48 27 
29478 49 27 
29523 49 27 
29566 49 27 
29600 50 28 
29651 50 28 
29686 50 28 
29722 50 28 
29769 50 28 
29817 50 28 
29854 50 28 
29887 50 28 
29927 50 28 
29969 50 28 
30011 50 28 
30055 50 28 
30088 50 28 
30119 50 28 
30156 50 28 
30193 50 28 
30229 50 29 
30257 51 29 
30295 51 29 
30328 51 29 
30380 52 29 
30417 54 29 
30453 54 29 
30482 54 30 
30526 54 30 
30575 54 30 
30624 54 30 
30655 54 30 
30684 54 31 
30726 54 32 
30760 54 32 
30798 54 32 
30844 54 32 
30880 54 32 
30923 55 33 
30960 55 33 
30998 55 33 
31041 55 33 
31082 56 33 
31128 56 33 
31176 56 33 
31218 56 33 
31265 56 33 
31309 56 33 
31352 56 33 
31393 56 34 
31426 57 34 
31471 57 34 
31509 57 34 
31556 57 34 
31594 57 34 
31625 57 34 
31665 57 34 
31706 57 34 
31751 57 34 
31788 57 34 
31827 57 34 
31870 57 35 
31905 57 35 
31949 57 35 
31982 57 35 
32027 57 35 
32060 59 35 
32093 59 35 
32127 59 35 
32167 59 35 
32200 59 35 
32251 60 36 
32277 60 36 
32323 60 36 
32360 60 37 
32401 60 37 
32453 60 37 
32495 60 38 
32539 60 38 
32581 60 38 
32624 60 38 
32665 60 38 
32703 61 38 
32746 61 38 
32796 61 38 
32848 61 38 
32889 61 38 
32926 61 38 
32966 61 38 
32999 61 38 
33036 61 38 
33085 61 39 
33118 61 39 
33156 61 39 
33192 61 39 
33228 61 39 
33262 61 39 
33301 61 39 
33340 61 39 
33365 61 39 
33401 61 39 
33438 61 39 
33486 61 40 
33531 61 40 
33566 61 40 
33619 61 41 
33648 61 41 
33692 62 41 
33726 62 41 
33760 62 41 
33808 62 41 
33851 62 41 
33881 63 41 
33920 63 41 
33963 63 41 
34002 63 41 
34062 63 41 
34103 63 41 
34148 63 41 
34176 63 41 
34216 63 41 
34256 63 41 
34290 63 41 
34332 63 41 
34375 63 41 
34419 63 41 
34469 63 41 
34513 63 41 
34553 63 41 
34594 63 41 
34640 63 41 
34685 63 41 
34715 63 41 
34747 63 42 
34787 63 42 
34821 63 42 
34858 63 42 
34893 63 42 
34936 63 42 
34973 63 42 
35022 63 42 
35069 63 42 
35110 63 42 
35156 63 42 
35186 63 42 
35222 63 42 
35260 63 42 
35296 63 42 
35321 63 42 
35357 63 42 
35401 63 42 
35438 63 42 
35490 63 42 
35528 63 42 
35572 63 42 
35620 63 43 
35656 63 43 
35693 63 43 
35743 64 43 
35798 64 43 
35830 64 43 
35868 64 43 
35912 64 43 
35954 64 43 
35986 64 43 
36016 64 43 
36066 64 43 
36114 64 44 
36144 64 44 
36182 64 44 
36222 64 44 
36260 64 44 
36295 65 44 
36327 65 44 
36367 65 45 
36416 65 45 
36460 65 45 
36508 65 45 
36551 65 45 
36595 65 45 
36624 65 45 
36665 66 45 
36718 66 45 
36758 66 45 
36804 66 45 
36839 66 45 
36885 66 45 
36930 66 45 
36964 66 45 
36998 66 45 
37040 66 45 
37077 66 46 
37113 66 46 
37155 66 46 
37197 66 46 
37233 66 46 
37270 68 46 
37314 68 46 
37348 69 46 
37384 69 46 
37420 69 46 
37460 69 46 
37510 69 46 
37546 69 46 
37594 69 46 
37641 69 46 
37690 69 46 
37731 69 46 
37772 69 46 
37809 69 46 
37851 69 46 
37897 69 46 
37936 69 46 
37975 69 46 
38012 69 46 
38051 69 46 
38088 69 46 
38120 69 46 
38164 69 46 
38201 69 46 
38250 69 46 
38284 69 46 
38311 69 46 
38347 69 46 
38388 69 46 
38435 69 46 
38467 69 46 
38499 69 46 
38551 69 46 
38585 69 46 
38613 69 46 
38660 69 46 
38699 69 46 
38740 69 46 
38784 69 46 
38825 69 46 
38871 69 47 
38914 70 47 
38951 70 47 
38991 70 47 
39038 70 48 
39079 70 48 
39119 70 48 
39155 70 48 
39188 70 48 
39211 70 48 
39253 70 48 
39287 70 48 
39327 70 48 
39362 70 48 
39393 70 48 
39465 70 48 
39541 70 48 
39620 70 48 
39685 70 48 
39756 71 49 
39831 72 49 
39908 72 49 
39996 72 49 
40077 72 49 
40148 72 49 
40237 72 49 
40323 72 49 
40408 72 49 
40491 72 49 
40575 72 49 
40660 72 49 
40746 72 49 
40826 72 49 
40896 72 49 
40968 72 49 
41050 72 49 
41138 72 49 
41223 72 49 
41292 72 49 
41377 72 49 
41457 73 50 
41516 73 50 
41606 73 50 
41689 73 51 
41768 73 51 
41846 73 51 
41913 73 51 
42009 73 51 
42096 73 51 
42189 73 51 
42256 73 51 
42346 73 51 
42422 73 51 
42498 73 51 
42594 73 51 
42685 73 51 
42762 73 51 
42837 73 51 
42929 73 51 
43006 73 51 
43081 73 51 
43157 73 51 
43241 73 52 
43316 73 52 
43400 74 52 
43468 75 52 
43554 75 52 
43622 76 52 
43692 76 52 
43782 76 52 
43866 76 52 
43936 76 52 
44014 76 52 
44079 76 52 
44155 76 52 
44249 76 52 
44341 76 52 
44420 76 52 
44502 76 53 
44584 76 53 
44652 77 53 
44736 79 53 
44825 80 53 
44898 80 53 
44975 80 54 
45060 80 54 
45141 81 54 
45229 81 54 
45310 81 55 
45385 81 55 
45464 81 57 
45552 81 57 
45627 83 57 
45703 85 58 
45790 85 58 
45864 85 58 
45940 85 58 
46019 86 58 
46088 87 58 
46168 88 58 
46255 88 59 
46336 88 59 
46418 88 59 
46502 90 59 
46572 91 60 
46643 91 60 
46734 91 60 
46806 92 60 
46882 92 60 
46953 92 60 
47035 92 60 
47110 92 60 
47172 92 60 
47254 92 60 
47321 92 60 
47383 92 60 
47468 92 60 
47557 92 60 
47647 92 60 
47727 92 60 
47815 92 60 
47918 92 60 
48002 92 60 
48080 92 60 
48145 92 60 
48248 92 60 
48331 92 60 
48410 92 60 
48498 92 60 
48568 92 60 
48655 92 60 
48736 92 60 
48808 92 60 
48898 92 60 
48978 92 60 
49067 92 60 
49161 92 60 
49241 92 61 
49317 92 61 
49401 92 61 
49479 92 61 
49539 92 61 
49609 92 61 
49695 92 61 
49760 92 61 
49836 92 61 
49914 92 63 
49979 92 63 
50056 92 63 
50130 92 63 
50212 96 63 
50281 96 63 
50357 97 63 
50438 97 63 
50523 97 63 
50612 97 63 
50699 97 63 
50775 97 63 
50849 97 63 
50927 97 63 
51016 97 63 
51087 97 63 
51158 97 63 
51242 97 63 
51320 97 63 
51385 97 63 
51421 97 63 
51470 97 63 
51524 97 63 
51562 97 63 
51628 97 63 
51669 97 63 
51738 97 63 
51774 97 63 
51839 97 63 
51890 97 63 
51951 97 63 
52002 97 63 
52053 97 63 
52106 97 63 
52160 97 64 
52204 97 64 
52262 97 65 
52303 97 65 
52346 97 65 
52403 97 65 
52454 97 65 
52504 97 65 
52546 97 65 
52593 97 65 
52640 97 65 
52684 97 65 
52727 97 65 
52784 97 65 
52835 97 66 
52884 97 66 
52919 97 66 
52972 97 66 
53027 97 66 
53080 98 66 
53146 98 66 
53194 98 66 
53253 98 66 
53295 98 66 
53344 98 66 
53412 98 66 
53452 98 66 
53502 98 66 
53549 98 66 
53594 98 66 
53650 98 67 
53698 98 67 
53739 98 67 
53784 98 67 
53834 98 67 
53878 98 67 
53926 98 67 
53969 98 67 
54029 98 67 
54080 98 67 
54130 98 67 
54191 98 67 
54231 98 67 
54288 98 67 
54336 98 67 
54383 98 67 
54431 98 67 
54485 98 67 
54545 98 68 
54599 98 68 
54636 98 68 
54689 98 68 
54736 98 68 
54796 98 68 
54851 98 68 
54905 98 68 
54949 98 68 
55011 98 68 
55081 98 68 
55130 98 68 
55174 98 68 
55214 98 68 
55264 98 68 
55315 98 68 
55372 98 68 
55410 98 68 
55462 98 68 
55514 98 68 
55571 98 68 
55611 98 69 
55660 98 69 
55714 98 69 
55748 98 69 
55805 98 69 
55857 98 69 
55924 98 69 
55976 98 69 
56033 98 69 
56090 98 69 
56147 98 69 
56198 98 69 
56254 98 69 
56305 98 69 
56369 98 69 
56424 98 69 
56476 98 69 
56524 98 69 
56565 98 69 
56613 98 69 
56658 98 69 
56718 98 69 
56770 98 69 
56827 98 69 
56874 98 69 
56923 98 70 
56971 98 70 
57026 98 70 
57080 99 70 
57135 99 70 
57180 100 70 
57237 100 70 
57280 100 70 
57324 100 70 
57373 100 70 
57424 100 70 
57473 100 70 
57528 100 70 
57557 100 70 
57596 100 71 
57653 100 71 
57693 100 71 
57750 100 71 
57810 100 71 
57870 100 71 
57913 100 71 
57957 100 71 
58011 100 71 
58059 100 71 
58114 100 71 
58165 100 71 
58207 100 71 
58264 100 71 
58317 100 71 
58370 100 71 
58422 100 71 
58468 100 71 
58509 100 71 
58551 100 72 
58603 100 72 
58658 100 72 
58704 100 72 
58757 100 72 
58815 100 72 
58855 100 72 
58909 100 72 
58955 100 72 
59017 100 72 
59074 100 72 
59116 100 72 
59159 100 72 
59212 100 72 
59273 100 72 
59318 100 72 
59359 100 72 
59411 100 72 
59462 100 72 
59526 100 72 
59573 100 72 
59634 100 72 
59692 100 72 
59752 100 72 
59801 100 72 
59854 100 73 
59891 100 73 
59946 100 73 
60011 101 73 
60050 101 73 
60104 101 73 
60162 101 73 
60223 101 74 
60286 101 74 
60338 101 74 
60397 101 74 
60445 101 74 
60486 101 74 