healthy | potential | infected0 0 0 
477 0 0 
529 0 0 
569 0 0 
595 0 0 
635 0 0 
663 0 0 
694 0 0 
726 0 0 
760 0 0 
799 0 0 
833 0 0 
863 0 0 
902 0 0 
932 0 0 
970 0 0 
1013 0 0 
1046 0 0 
1079 0 0 
1121 0 0 
1157 0 0 
1194 0 0 
1232 0 0 
1255 0 0 
1284 0 0 
1321 0 0 
1358 0 0 
1387 0 0 
1419 0 0 
1464 0 0 
1509 0 0 
1541 0 0 
1574 0 0 
1599 0 0 
1624 0 0 
1647 0 0 
1683 0 0 
1708 0 0 
1743 0 0 
1778 0 0 
1822 0 0 
1851 0 0 
1876 0 0 
1914 0 0 
1952 0 0 
1979 0 0 
2018 0 0 
2044 0 0 
2080 0 0 
2111 0 0 
2155 0 0 
2185 0 0 
2213 0 0 
2249 0 0 
2288 0 0 
2317 0 0 
2350 0 0 
2386 0 0 
2422 0 0 
2446 0 0 
2467 0 0 
2499 0 0 
2529 0 0 
2555 0 0 
2594 0 0 
2633 0 0 
2669 0 0 
2706 0 0 
2736 0 0 
2764 0 0 
2795 0 0 
2838 0 0 
2865 0 0 
2913 0 0 
2950 0 0 
2980 0 0 
3011 0 0 
3040 0 0 
3068 0 0 
3102 0 0 
3127 0 0 
3166 0 0 
3202 0 0 
3230 0 1 
3262 0 2 
3299 0 2 
3337 0 2 
3364 0 2 
3399 0 2 
3433 0 2 
3461 0 2 
3584 0 2 
3695 0 2 
3815 0 2 
3945 0 2 
4046 0 2 
4158 0 2 
4273 0 2 
4395 0 2 
4532 0 2 
4654 0 2 
4771 0 2 
4884 1 3 
5002 1 3 
5129 2 3 
5243 2 3 
5358 2 3 
5486 3 3 
5614 3 3 
5731 3 3 
5857 3 3 
5984 3 3 
6103 3 4 
6246 3 4 
6346 3 4 
6465 3 4 
6588 3 4 
6697 3 4 
6813 3 4 
6941 3 4 
7066 3 4 
7186 3 4 
7300 3 4 
7427 3 4 
7561 3 4 
7676 3 4 
7795 3 4 
7911 3 4 
8036 3 4 
8151 3 4 
8260 3 4 
8372 3 4 
8480 3 4 
8605 3 4 
8727 3 4 
8842 3 4 
8971 3 4 
9098 3 4 
9207 3 4 
9325 3 4 
9449 3 4 
9563 3 4 
9671 3 4 
9787 3 4 
9927 3 4 
10041 3 4 
10150 3 4 
10267 3 4 
10396 3 4 
10513 3 4 
10630 3 4 
10743 3 4 
10863 3 4 
10978 3 4 
11101 3 4 
11218 3 4 
11335 3 4 
11464 3 4 
11593 3 4 
11715 3 4 
11827 3 4 
11957 3 4 
12071 4 5 
12197 4 5 
12334 4 5 
12480 4 5 
12593 4 5 
12720 4 5 
12839 4 6 
12956 4 6 
13069 4 6 
13207 4 6 
13317 6 7 
13427 9 7 
13539 9 7 
13661 11 7 
13772 11 8 
13869 13 8 
13999 13 8 
14122 13 8 
14249 13 8 
14376 13 8 
14494 13 8 
14619 13 8 
14737 13 8 
14863 13 8 
14986 13 8 
15098 13 8 
15222 13 8 
15329 13 8 
15451 13 8 
15576 13 8 
15708 13 8 
15824 13 8 
15932 13 8 
16034 13 8 
16140 13 8 
16248 13 8 
16378 13 8 
16498 13 8 
16621 13 8 
16751 13 8 
16877 13 8 
17003 13 8 
17127 13 8 
17238 13 8 
17366 13 8 
17494 13 8 
17629 13 8 
17771 13 8 
17897 13 8 
18027 14 9 
18140 14 9 
18253 14 10 
18369 15 10 
18476 17 10 
18597 18 10 
18709 19 10 
18796 20 10 
18903 20 10 
19038 20 10 
19161 20 10 
19268 20 10 
19406 20 10 
19525 20 11 
19625 20 11 
19749 21 11 
19886 21 11 
20007 21 11 
20128 21 11 
20248 21 11 
20378 21 12 
20481 21 12 
20598 22 12 
20716 22 12 
20847 22 12 
20979 23 12 
21121 23 12 
21228 23 12 
21340 23 12 
21467 23 12 
21510 23 12 
21548 23 12 
21590 23 12 
21618 23 12 
21660 23 12 
21712 23 12 
21752 23 12 
21795 23 12 
21836 23 13 
21883 23 13 
21926 23 13 
21962 23 13 
22005 23 13 
22037 23 13 
22081 23 13 
22135 23 13 
22176 23 13 
22226 23 13 
22268 23 13 
22293 23 13 
22338 23 13 
22367 23 13 
22407 23 13 
22444 23 13 
22473 23 13 
22517 23 13 
22558 23 13 
22597 23 13 
22637 23 13 
22672 23 13 
22706 23 13 
22746 23 13 
22791 23 13 
22836 23 13 
22878 23 13 
22930 23 13 
22970 23 13 
23007 23 13 
23044 23 13 
23081 23 13 
23108 23 13 
23147 23 13 
23189 23 13 
23235 23 13 
23273 23 13 
23313 23 13 
23344 23 13 
23380 23 13 
23420 23 13 
23455 23 13 
23489 23 13 
23528 23 13 
23562 23 13 
23600 23 13 
23642 23 13 
23675 23 14 
23718 23 14 
23758 23 14 
23788 23 14 
23826 23 14 
23880 23 14 
23918 23 14 
23959 23 14 
23996 23 14 
24025 23 14 
24066 23 14 
24102 23 14 
24144 23 14 
24177 23 14 
24219 23 14 
24261 23 14 
24302 23 14 
24338 23 14 
24375 23 14 
24406 23 14 
24464 23 14 
24491 23 14 
24525 23 14 
24564 23 14 
24604 23 14 
24645 23 14 
24681 23 14 
24725 23 14 
24768 23 14 
24812 23 15 
24844 23 15 
24884 23 15 
24918 23 15 
24952 23 15 
24995 23 15 
25041 23 16 
25080 23 16 
25120 23 17 
25160 23 17 
25208 23 17 
25247 23 17 
25274 23 17 
25307 23 17 
25351 23 17 
25392 23 17 
25443 23 17 
25486 23 17 
25525 23 17 
25551 23 17 
25586 23 17 
25625 23 17 
25664 23 17 
25707 23 17 
25746 23 17 
25782 23 17 
25823 23 17 
25862 23 17 
25902 23 17 
25949 23 17 
25986 23 17 
26012 23 17 
26044 23 17 
26090 23 17 
26130 23 17 
26175 23 17 
26214 23 17 
26259 23 17 
26299 23 17 
26340 23 18 
26383 23 19 
26429 23 19 
26473 23 19 
26503 23 19 
26536 25 19 
26574 25 19 
26603 25 19 
26648 25 19 
26682 25 19 
26731 25 19 
26771 25 19 
26804 25 19 
26834 25 19 
26871 25 19 
26911 25 19 
26948 25 19 
26994 25 19 
27033 25 19 
27074 25 19 
27108 25 19 
27163 25 19 
27200 25 19 
27239 25 19 
27277 25 19 
27323 25 19 
27359 25 19 
27401 25 19 
27452 25 19 
27486 25 19 
27529 25 20 
27565 25 20 
27598 25 21 
27628 25 21 
27671 25 21 
27711 25 21 
27756 25 21 
27794 25 21 
27838 25 21 
27869 25 21 
27907 25 21 
27944 25 21 
27994 25 21 
28034 25 21 
28085 25 21 
28124 25 21 
28162 25 21 
28201 25 21 
28252 25 21 
28291 25 21 
28328 25 21 
28368 25 21 
28417 25 21 
28463 25 21 
28503 25 21 
28556 25 21 
28601 25 21 
28648 25 21 
28691 25 21 
28739 25 21 
28768 25 21 
28805 25 21 
28842 25 21 
28892 25 21 
28934 25 21 
28970 25 21 
29017 25 21 
29055 25 21 
29091 25 21 
29133 25 22 
29185 25 22 
29224 25 22 
29259 25 22 
29295 25 22 
29329 25 22 
29366 25 22 
29407 25 22 
29443 25 22 
29494 25 22 
29541 25 22 
29576 25 22 
29611 25 22 
29658 25 22 
29695 25 22 
29736 25 22 
29775 25 22 
29808 25 22 
29843 25 22 
29895 25 22 
29931 25 22 
29979 25 22 
30014 25 22 
30066 25 22 
30109 25 22 
30148 25 22 
30183 25 22 
30227 25 22 
30263 25 22 
30298 25 22 
30338 25 22 
30384 25 22 
30423 25 22 
30455 25 22 
30494 25 22 
30529 25 22 
30570 25 22 
30613 25 24 
30656 25 24 
30703 25 24 
30751 25 24 
30792 26 24 
30826 27 24 
30869 27 25 
30904 27 25 
30945 27 25 
30973 27 25 
31010 27 25 
31064 27 25 
31107 27 25 
31153 27 25 
31183 27 25 
31230 27 25 
31273 27 25 
31318 27 25 
31355 27 25 
31389 27 25 
31427 27 25 
31456 27 26 
31497 27 26 
31551 27 26 
31593 28 26 
31642 28 27 
31685 28 27 
31736 28 27 
31792 28 27 
31828 28 27 
31876 28 27 
31923 28 27 
31968 28 27 
32002 28 28 
32046 28 28 
32086 28 28 
32133 28 28 
32173 28 28 
32212 28 28 
32252 28 28 
32300 29 28 
32354 29 28 
32402 29 28 
32447 29 28 
32491 29 28 
32524 29 28 
32556 29 28 
32587 29 28 
32630 29 28 
32667 29 28 
32705 29 28 
32752 29 28 
32802 29 28 
32828 29 28 
32858 29 28 
32909 29 28 
32944 29 28 
32983 29 28 
33019 29 28 
33057 29 28 
33094 29 28 
33140 29 28 
33181 29 28 
33220 29 28 
33256 29 29 
33296 29 29 
33341 29 29 
33388 29 29 
33426 29 29 
33477 29 29 
33516 29 29 
33550 29 29 
33597 29 29 
33634 29 30 
33687 29 30 
33740 29 30 
33782 29 30 
33830 29 30 
33871 29 30 
33912 29 30 
33955 29 30 
33990 29 30 
34040 29 30 
34082 29 30 
34112 29 30 
34151 29 30 
34200 29 30 
34249 29 30 
34281 29 30 
34312 29 30 
34348 29 30 
34395 29 30 
34438 29 31 
34480 29 31 
34513 29 31 
34552 30 31 
34582 30 31 
34616 30 31 
34656 30 31 
34698 30 31 
34739 30 31 
34781 30 31 
34826 30 31 
34870 30 31 
34902 30 31 
34939 30 31 
34984 30 31 
35019 30 31 
35071 30 31 
35109 30 31 
35152 30 31 
35189 30 31 
35232 30 31 
35267 30 31 
35305 30 31 
35339 30 31 
35388 30 31 
35436 30 31 
35474 30 31 
35515 30 31 
35540 30 31 
35574 30 31 
35616 30 31 
35651 30 31 
35683 30 31 
35720 30 32 
35756 31 32 
35799 31 32 
35834 31 32 
35877 31 32 
35906 31 32 
35941 31 32 
35978 31 32 
36019 31 32 
36062 31 32 
36101 31 32 
36132 31 32 
36176 31 32 
36212 31 32 
36243 31 32 
36281 31 32 
36324 31 33 
36353 31 33 
36399 31 33 
36443 31 33 
36487 31 33 
36534 31 33 
36578 31 33 
36621 31 33 
36657 31 33 
36690 31 33 
36736 31 33 
36791 31 33 
36837 31 33 
36870 31 33 
36917 31 33 
36955 31 33 
36992 31 33 
37024 31 34 
37064 31 34 
37091 31 34 
37130 32 34 
37170 32 34 
37214 32 34 
37249 32 34 
37289 32 34 
37320 32 34 
37365 32 34 
37410 32 34 
37443 32 34 
37483 32 34 
37527 32 34 
37575 32 34 
37623 32 34 
37660 32 34 
37701 32 34 
37746 32 34 
37788 32 34 
37831 32 34 
37868 32 34 
37917 32 34 
37954 32 34 
38000 32 34 
38032 32 34 
38077 32 34 
38109 32 34 
38149 32 34 
38196 32 34 
38232 32 34 
38266 32 34 
38299 32 35 
38335 32 35 
38378 32 35 
38416 32 35 
38448 32 35 
38486 32 35 
38517 32 35 
38556 32 35 
38589 32 35 
38645 32 35 
38684 32 35 
38728 32 36 
38768 32 36 
38813 32 36 
38855 32 36 
38894 32 36 
38933 34 36 
38962 34 36 
39004 34 36 
39047 34 36 
39085 34 36 
39135 34 36 
39175 34 36 
39202 34 36 
39242 34 36 
39280 34 36 
39327 34 36 
39358 34 36 
39392 34 36 
39436 34 36 
39480 34 36 
39566 34 36 
39635 34 36 
39715 34 36 
39810 34 36 
39906 34 36 
39994 34 36 
40084 34 36 
40155 34 36 
40220 34 36 
40302 34 36 
40387 34 37 
40470 37 37 
40567 38 37 
40654 38 37 
40737 38 37 
40815 38 37 
40902 38 38 
40990 38 38 
41065 38 38 
41147 38 38 
41234 39 38 
41312 39 38 
41387 39 38 
41453 39 38 
41529 39 38 
41591 39 38 
41669 39 38 
41747 39 38 
41822 39 38 
41893 39 38 
41968 39 38 
42046 39 38 
42117 39 38 
42194 39 38 
42297 39 38 
42365 39 38 
42446 39 38 
42523 39 38 
42617 39 38 
42684 39 38 
42757 39 38 
42840 39 38 
42910 39 38 
42990 39 38 
43076 39 38 
43163 39 38 
43250 39 38 
43325 39 38 
43413 39 38 
43488 39 38 
43572 39 38 
43661 39 38 
43743 39 38 
43826 39 38 
43898 39 38 
43968 39 38 
44041 39 38 
44132 39 38 
44209 39 38 
44286 39 38 
44370 39 38 
44444 39 38 
44517 39 38 
44606 39 38 
44687 39 39 
44769 40 39 
44847 41 39 
44916 41 39 
44991 42 39 
45077 42 39 
45153 42 39 
45238 42 39 
45321 42 39 
45390 42 39 
45449 42 39 
45531 42 39 
45615 42 39 
45712 42 39 
45780 42 39 
45864 42 39 
45939 42 39 
46005 42 39 
46087 42 39 
46174 42 39 
46254 42 40 
46344 42 40 
46408 42 40 
46490 42 40 
46561 43 40 
46626 43 40 
46706 43 40 
46785 43 40 
46874 43 40 
46952 43 40 
47030 43 40 
47105 43 40 
47191 43 40 
47270 43 40 
47344 43 40 
47434 43 41 
47495 43 41 
47575 43 41 
47658 43 41 
47742 43 42 
47831 46 42 
47912 46 42 
47994 46 42 
48073 46 42 
48145 46 42 
48222 46 42 
48300 46 42 
48384 46 42 
48480 47 42 
48562 47 42 
48633 47 42 
48723 47 42 
48810 47 42 
48881 47 42 
48962 47 42 
49045 47 42 
49122 47 42 
49206 47 42 
49277 47 42 
49352 47 42 
49434 47 42 
49511 47 42 
49573 47 42 
49644 47 43 
49727 47 43 
49800 47 43 
49889 47 43 
49964 47 43 
50024 47 43 
50108 47 43 
50173 47 43 
50253 47 43 
50329 47 43 
50419 47 43 
50495 47 43 
50568 47 43 
50645 47 43 
50740 47 43 
50830 47 43 
50898 47 43 
50978 47 43 
51053 47 43 
51151 47 43 
51221 47 43 
51313 47 43 
51387 47 43 
51435 47 43 
51478 47 43 
51527 47 43 
51564 47 43 
51619 47 45 
51664 47 45 
51730 47 45 
51776 47 45 
51828 47 45 
51878 48 45 
51936 48 45 
51970 48 45 
52021 48 45 
52073 48 45 
52123 48 45 
52162 48 45 
52216 48 45 
52279 48 46 
52328 48 46 
52367 48 46 
52419 48 46 
52467 49 46 
52505 49 46 
52557 49 46 
52612 49 46 
52658 49 46 
52712 49 46 
52761 49 46 
52805 49 46 
52862 49 46 
52916 49 46 
52962 49 46 
53009 49 46 
53060 49 46 
53108 49 46 
53159 49 46 
53203 49 46 
53244 49 46 
53304 49 46 
53365 49 46 
53400 49 46 
53455 49 46 
53513 49 46 
53566 49 46 
53612 49 46 
53664 49 46 
53717 49 46 
53773 49 46 
53813 49 46 
53857 49 46 
53908 49 46 
53950 49 46 
53992 49 46 
54043 49 46 
54097 49 46 
54145 49 46 
54205 49 46 
54255 49 46 
54301 49 46 
54347 49 46 
54417 49 46 
54470 49 46 
54524 49 46 
54566 49 46 
54610 49 46 
54660 49 47 
54705 49 47 
54744 49 47 
54788 49 47 
54837 49 47 
54880 49 47 
54919 49 47 
54973 49 47 
55022 49 47 
55069 49 47 
55136 49 48 
55200 49 48 
55251 49 48 
55298 49 48 
55351 49 48 
55404 49 48 
55449 49 48 
55510 49 49 
55561 49 49 
55616 49 49 
55664 49 49 
55719 49 49 
55782 49 49 
55828 50 49 
55876 50 49 
55932 50 49 
55974 50 49 
56030 50 49 
56087 50 49 
56133 50 49 
56182 50 49 
56228 50 49 
56288 50 49 
56341 50 49 
56384 50 49 
56432 50 49 
56472 50 49 
56517 50 49 
56563 50 49 
56610 50 49 
56664 50 49 
56709 50 49 
56763 50 49 
56830 50 49 
56872 50 49 
56926 50 49 
56967 50 50 
57014 50 50 
57064 50 50 
57109 50 50 
57164 50 50 
57207 50 50 
57261 50 50 
57309 51 50 
57354 51 50 
57411 51 50 
57464 51 50 
57511 51 50 
57564 51 50 
57609 51 50 
57653 51 50 
57696 51 50 
57740 51 50 
57791 51 50 
57839 51 50 
57888 51 50 
57944 51 50 
57994 51 50 
58042 51 50 
58080 51 50 
58124 51 50 
58178 51 51 
58220 51 51 
58268 51 51 
58323 51 51 
58369 52 51 
58431 52 51 
58478 52 51 
58525 52 51 
58574 52 51 
58622 52 51 
58671 52 51 
58722 52 51 
58778 52 51 
58845 52 51 
58899 52 51 
58956 52 51 
59014 52 51 
59061 52 51 
59124 52 51 
59178 52 51 
59229 52 51 
59278 52 51 
59329 52 51 
59364 52 51 
59417 52 51 
59461 52 51 
59506 52 51 
59553 52 51 
59598 52 51 
59638 52 51 
59683 52 51 
59744 52 52 
59797 52 52 
59839 53 52 
59899 54 52 
59948 54 52 
59995 54 52 
60042 54 52 
60090 54 52 
60134 54 52 
60180 54 52 
60236 54 52 
60281 54 52 
60338 54 52 