healthy | potential | infected0 0 0 
586 0 1 
616 0 1 
647 0 1 
668 0 1 
701 0 1 
733 0 1 
776 0 1 
804 0 1 
836 0 1 
869 0 1 
894 0 1 
923 0 1 
952 0 1 
976 0 1 
1013 0 1 
1044 0 1 
1083 0 1 
1116 0 1 
1147 0 1 
1181 0 1 
1217 0 1 
1253 0 1 
1279 0 1 
1311 0 1 
1349 0 1 
1381 0 1 
1407 0 1 
1445 0 1 
1481 0 1 
1505 0 1 
1540 0 1 
1566 0 1 
1601 0 1 
1639 0 1 
1672 0 1 
1706 0 1 
1751 0 1 
1786 0 1 
1821 0 1 
1844 0 1 
1878 0 1 
1914 0 1 
1940 0 1 
1968 0 1 
1998 0 1 
2039 0 1 
2078 0 1 
2119 0 1 
2150 0 1 
2197 0 1 
2235 0 1 
2266 0 1 
2311 0 1 
2343 0 2 
2386 0 2 
2408 0 2 
2442 0 2 
2471 0 2 
2503 0 2 
2535 0 2 
2567 0 2 
2596 0 2 
2631 0 2 
2657 0 2 
2691 0 2 
2729 0 2 
2752 0 4 
2788 0 4 
2826 0 4 
2852 0 5 
2887 0 5 
2914 0 5 
2936 0 5 
2970 0 5 
3003 0 5 
3036 0 5 
3064 0 5 
3089 0 5 
3115 0 5 
3149 0 5 
3185 0 5 
3212 0 5 
3246 0 5 
3292 0 5 
3317 0 5 
3350 0 5 
3386 0 5 
3420 0 5 
3447 0 5 
3566 0 5 
3669 0 5 
3787 0 5 
3902 0 5 
4012 0 7 
4128 1 7 
4238 1 7 
4353 1 7 
4463 2 7 
4607 2 7 
4736 3 7 
4861 3 7 
4992 3 7 
5124 3 7 
5250 3 7 
5358 3 7 
5474 3 7 
5614 3 7 
5745 3 7 
5861 3 7 
5989 3 7 
6111 3 7 
6225 3 7 
6345 3 7 
6455 3 7 
6589 3 7 
6694 3 7 
6822 3 7 
6939 3 7 
7075 3 7 
7202 3 7 
7345 3 7 
7475 3 7 
7610 3 7 
7729 3 7 
7851 3 7 
7951 3 7 
8091 3 7 
8213 3 7 
8327 3 7 
8464 3 7 
8573 3 7 
8687 3 7 
8808 3 7 
8927 3 7 
9046 3 7 
9172 3 7 
9257 3 7 
9363 3 7 
9481 3 7 
9589 3 7 
9699 3 7 
9844 3 7 
9954 3 7 
10047 3 7 
10149 3 7 
10296 3 7 
10415 3 7 
10530 3 7 
10643 3 7 
10771 3 7 
10909 3 7 
11016 3 7 
11136 3 7 
11250 3 7 
11371 3 7 
11505 3 7 
11618 3 7 
11757 3 7 
11859 3 7 
11987 3 7 
12106 3 7 
12218 3 7 
12336 3 7 
12446 3 7 
12573 3 7 
12698 3 7 
12825 3 7 
12925 3 7 
13057 3 7 
13172 3 8 
13273 4 9 
13395 4 9 
13504 4 9 
13618 4 9 
13734 5 9 
13853 5 9 
13975 5 9 
14103 5 9 
14212 5 9 
14332 5 9 
14448 5 9 
14577 5 9 
14700 5 9 
14833 5 9 
14954 5 10 
15072 5 10 
15181 5 10 
15326 5 10 
15432 5 10 
15557 5 11 
15676 5 11 
15799 6 11 
15917 6 11 
16027 6 11 
16141 6 11 
16255 6 11 
16389 6 11 
16511 6 11 
16632 6 11 
16758 6 11 
16876 6 11 
16995 6 12 
17096 8 12 
17210 8 12 
17336 8 12 
17460 8 12 
17586 8 12 
17704 9 12 
17837 9 12 
17944 9 12 
18069 9 12 
18168 9 12 
18293 9 12 
18411 9 12 
18529 9 12 
18658 9 12 
18781 9 12 
18908 9 12 
19047 9 12 
19164 9 12 
19285 9 12 
19411 9 12 
19523 9 12 
19647 9 12 
19750 9 12 
19885 9 12 
20011 9 12 
20146 9 12 
20274 9 12 
20379 9 12 
20507 9 12 
20625 9 12 
20736 9 12 
20879 9 12 
20981 9 12 
21105 9 12 
21215 9 12 
21341 9 12 
21470 9 12 
21520 9 12 
21560 9 12 
21601 9 12 
21639 9 12 
21680 9 12 
21725 9 12 
21764 9 12 
21801 9 12 
21839 9 12 
21882 9 12 
21918 9 12 
21958 9 12 
22001 10 13 
22049 10 13 
22085 10 13 
22133 10 13 
22179 10 13 
22217 10 13 
22265 11 13 
22307 11 13 
22336 11 13 
22381 11 13 
22414 11 13 
22452 11 13 
22483 11 13 
22519 11 13 
22555 11 13 
22589 11 13 
22628 11 13 
22658 11 13 
22712 11 13 
22761 11 13 
22791 11 13 
22845 11 13 
22890 11 13 
22931 11 13 
22976 11 13 
23016 11 13 
23041 11 13 
23082 11 14 
23130 11 15 
23173 11 15 
23210 11 15 
23247 11 15 
23275 11 15 
23313 11 15 
23343 11 15 
23388 11 16 
23428 12 16 
23467 12 16 
23504 12 16 
23546 12 16 
23583 12 16 
23634 12 16 
23678 12 16 
23710 12 16 
23758 12 16 
23796 12 16 
23834 12 16 
23879 12 16 
23931 12 16 
23970 12 17 
24006 12 17 
24043 12 17 
24083 12 17 
24124 12 17 
24174 12 17 
24216 12 17 
24256 12 17 
24297 12 18 
24340 12 18 
24372 13 18 
24411 13 18 
24448 13 18 
24474 13 18 
24528 13 18 
24561 13 18 
24592 13 18 
24621 13 18 
24651 13 18 
24684 13 18 
24721 13 18 
24758 13 18 
24791 13 18 
24831 13 18 
24868 13 18 
24903 13 18 
24946 13 18 
24988 13 18 
25034 13 18 
25081 13 18 
25122 13 18 
25166 13 18 
25213 13 18 
25257 13 18 
25294 13 18 
25338 13 18 
25384 13 18 
25422 13 18 
25464 13 18 
25505 13 18 
25540 13 18 
25572 13 18 
25613 13 18 
25644 13 18 
25676 13 19 
25718 13 19 
25766 13 19 
25800 13 19 
25843 13 19 
25882 13 19 
25918 13 19 
25960 13 19 
25998 13 19 
26034 13 19 
26074 13 19 
26114 14 20 
26156 14 20 
26202 14 20 
26249 14 20 
26282 14 20 
26325 14 21 
26364 14 21 
26399 14 21 
26441 14 21 
26480 14 21 
26502 14 22 
26535 14 22 
26575 14 22 
26604 14 22 
26651 14 22 
26690 14 22 
26724 14 22 
26763 14 22 
26806 14 22 
26847 14 22 
26892 14 22 
26921 14 22 
26949 14 22 
26989 14 22 
27028 14 22 
27066 14 22 
27102 14 22 
27143 14 22 
27185 14 22 
27225 14 22 
27266 14 22 
27308 14 22 
27354 14 22 
27387 14 22 
27422 14 22 
27464 14 22 
27507 14 22 
27566 14 22 
27601 14 22 
27640 14 22 
27690 14 22 
27724 14 22 
27760 14 23 
27797 14 23 
27829 14 23 
27872 14 23 
27912 14 23 
27939 14 23 
27988 14 23 
28023 14 23 
28046 14 23 
28087 14 24 
28130 14 24 
28168 14 24 
28210 14 24 
28254 14 24 
28283 14 25 
28330 14 26 
28367 14 26 
28403 14 26 
28448 15 26 
28490 15 26 
28529 15 26 
28568 15 26 
28608 15 26 
28644 15 26 
28686 15 26 
28735 15 27 
28777 16 27 
28822 16 27 
28859 16 27 
28902 16 27 
28938 16 27 
28987 16 27 
29031 16 27 
29069 16 27 
29103 16 27 
29146 16 27 
29169 16 27 
29212 16 27 
29249 16 27 
29292 16 27 
29333 16 27 
29365 16 27 
29404 16 27 
29435 16 27 
29480 16 27 
29519 16 27 
29559 16 27 
29598 16 27 
29631 16 27 
29672 16 27 
29708 16 27 
29741 16 27 
29785 16 27 
29822 16 27 
29873 16 27 
29907 16 27 
29938 16 27 
29977 16 27 
30019 16 27 
30074 16 28 
30120 16 28 
30149 16 28 
30185 16 28 
30225 16 28 
30271 16 28 
30306 16 28 
30344 16 28 
30372 16 28 
30412 16 28 
30460 16 28 
30501 16 28 
30545 16 28 
30588 16 28 
30628 16 28 
30666 16 28 
30701 16 28 
30746 16 28 
30788 16 28 
30821 16 28 
30857 16 29 
30900 16 29 
30934 16 29 
30963 16 29 
31004 16 29 
31043 16 29 
31080 16 29 
31123 17 29 
31169 17 29 
31212 17 29 
31250 17 29 
31276 17 29 
31325 17 29 
31366 17 29 
31401 17 29 
31443 17 29 
31489 17 29 
31531 17 29 
31562 17 29 
31589 17 29 
31628 17 29 
31669 17 29 
31704 17 29 
31746 17 30 
31785 17 30 
31825 17 30 
31857 17 30 
31894 17 30 
31922 18 30 
31958 18 31 
31991 18 31 
32047 18 31 
32091 18 31 
32137 18 32 
32174 18 32 
32221 18 32 
32253 18 32 
32288 18 32 
32325 18 32 
32372 18 32 
32416 18 32 
32462 18 32 
32497 18 33 
32540 18 33 
32576 18 33 
32628 18 33 
32656 18 33 
32695 18 33 
32738 18 33 
32770 18 33 
32808 18 33 
32838 18 33 
32868 18 33 
32906 18 33 
32929 18 33 
32977 18 33 
33025 18 33 
33069 18 33 
33113 18 33 
33162 18 33 
33191 18 33 
33238 18 33 
33286 18 33 
33325 18 33 
33361 18 33 
33398 18 33 
33447 18 33 
33484 18 33 
33523 18 33 
33570 18 33 
33619 18 33 
33659 18 34 
33698 18 34 
33736 18 34 
33765 18 34 
33810 18 34 
33852 18 34 
33888 18 34 
33921 18 34 
33966 18 34 
34005 18 34 
34047 18 34 
34081 18 34 
34115 18 34 
34158 18 34 
34197 18 34 
34240 18 34 
34277 18 35 
34312 18 35 
34355 18 35 
34399 18 35 
34447 19 35 
34477 19 35 
34522 19 35 
34564 19 35 
34599 19 35 
34634 19 35 
34674 19 35 
34711 19 35 
34739 19 35 
34787 19 35 
34827 19 35 
34861 19 35 
34892 19 35 
34924 19 36 
34961 19 36 
34999 19 36 
35047 19 36 
35080 19 36 
35128 19 36 
35170 19 36 
35202 19 36 
35259 19 36 
35298 19 36 
35340 19 36 
35373 19 36 
35408 19 36 
35446 19 36 
35493 19 36 
35535 19 36 
35573 19 36 
35619 19 36 
35669 19 36 
35704 19 36 
35752 19 36 
35790 19 36 
35826 19 36 
35859 19 36 
35897 19 36 
35940 19 36 
35974 19 36 
36014 19 36 
36049 19 36 
36092 19 36 
36118 19 36 
36152 19 36 
36191 19 37 
36228 19 37 
36270 19 37 
36309 20 37 
36346 20 37 
36390 20 37 
36421 20 37 
36464 20 37 
36498 20 37 
36541 20 37 
36584 20 37 
36626 20 37 
36669 20 37 
36707 20 37 
36738 20 37 
36772 20 37 
36805 20 37 
36836 20 37 
36881 20 37 
36918 20 37 
36957 20 37 
37002 20 37 
37045 20 37 
37079 20 37 
37121 20 37 
37165 20 37 
37202 20 37 
37237 20 37 
37279 20 37 
37324 20 38 
37354 20 39 
37397 20 39 
37439 20 39 
37473 20 39 
37508 20 39 
37552 20 39 
37592 20 39 
37623 20 39 
37654 20 39 
37698 20 39 
37736 20 39 
37781 20 39 
37821 20 39 
37859 20 39 
37897 20 39 
37934 20 39 
37978 20 39 
38021 20 39 
38056 20 39 
38097 20 39 
38130 20 39 
38159 20 39 
38194 20 39 
38233 20 39 
38275 20 39 
38316 20 40 
38363 20 40 
38401 20 40 
38427 20 40 
38458 20 40 
38498 21 40 
38542 21 40 
38581 21 40 
38625 21 40 
38659 21 40 
38686 21 40 
38736 21 40 
38782 21 40 
38829 21 40 
38873 21 40 
38914 21 41 
38957 21 42 
38986 21 43 
39022 21 43 
39060 21 43 
39100 21 43 
39138 22 43 
39226 22 43 
39288 22 43 
39363 22 43 
39448 22 43 
39521 22 43 
39600 22 43 
39653 22 43 
39732 22 43 
39823 22 43 
39896 22 43 
39971 22 43 
40053 22 44 
40130 22 44 
40218 22 44 
40307 22 44 
40383 22 44 
40446 22 44 
40527 22 44 
40605 22 44 
40677 22 44 
40748 22 44 
40836 22 44 
40913 22 44 
40990 22 44 
41080 22 44 
41169 22 45 
41243 22 45 
41322 22 45 
41417 22 45 
41501 22 45 
41569 22 45 
41629 22 45 
41692 22 45 
41792 22 45 
41878 22 45 
41957 22 45 
42050 22 45 
42135 22 45 
42221 22 45 
42288 22 45 
42391 22 45 
42470 22 45 
42541 22 45 
42629 22 45 
42732 22 45 
42800 22 45 
42884 22 45 
42964 22 45 
43037 22 45 
43108 22 45 
43183 22 45 
43256 22 45 
43337 22 45 
43429 22 45 
43498 22 45 
43583 22 46 
43660 22 46 
43751 22 46 
43825 22 46 
43902 22 47 
43976 22 47 
44058 22 47 
44134 22 47 
44212 22 47 
44292 22 47 
44369 22 47 
44459 22 47 
44535 22 47 
44612 22 47 
44678 22 47 
44749 22 47 
44834 22 47 
44910 22 47 
44980 22 47 
45054 22 47 
45139 22 47 
45224 22 47 
45303 22 47 
45385 22 47 
45474 22 47 
45556 22 47 
45631 22 47 
45711 22 47 
45784 22 47 
45866 22 47 
45933 22 47 
46033 22 47 
46115 22 47 
46194 22 47 
46280 22 47 
46353 22 47 
46438 22 47 
46511 22 47 
46580 22 47 
46654 22 47 
46739 22 47 
46816 22 47 
46888 22 47 
46963 22 47 
47044 22 47 
47123 22 47 
47205 22 47 
47280 22 48 
47347 22 48 
47431 22 48 
47499 22 48 
47573 22 48 
47645 23 48 
47729 23 48 
47799 24 48 
47873 24 48 
47947 24 48 
48043 24 48 
48128 24 48 
48199 24 48 
48276 24 48 
48362 24 48 
48442 24 49 
48517 24 49 
48610 24 49 
48685 24 49 
48762 24 49 
48831 24 49 
48916 24 49 
48989 24 49 
49093 24 49 
49184 24 49 
49267 24 49 
49341 24 49 
49408 24 49 
49491 24 49 
49569 24 49 
49647 24 49 
49733 24 49 
49794 24 49 
49865 24 49 
49944 24 49 
50036 24 49 
50129 24 49 
50204 24 49 
50279 24 49 
50354 24 49 
50426 24 49 
50496 24 49 
50589 24 49 
50660 24 49 
50751 24 49 
50828 24 49 
50917 24 49 
51001 24 49 
51064 24 50 
51112 24 51 
51156 24 51 
51197 24 51 
51249 24 51 
51299 24 51 
51355 24 51 
51406 24 51 
51457 24 52 
51510 24 52 
51557 24 52 
51604 24 52 
51650 24 52 
51688 24 52 
51736 24 52 
51782 24 52 
51831 24 52 
51880 24 52 
51926 24 52 
51979 24 52 
52031 24 52 
52080 24 52 
52128 24 52 
52173 24 52 
52226 24 52 
52278 24 52 
52337 24 52 
52391 24 52 
52440 24 52 
52493 24 52 
52546 24 52 
52601 24 52 
52650 24 52 
52706 24 52 
52742 24 52 
52795 24 52 
52844 24 52 
52897 24 52 
52948 24 52 
52996 24 52 
53049 24 52 
53107 24 52 
53159 24 52 
53205 24 52 
53247 24 52 
53305 24 52 
53343 24 52 
53389 24 52 
53440 24 52 
53485 24 52 
53520 24 52 
53572 24 52 
53619 24 53 
53676 24 53 
53719 25 53 
53763 25 53 
53808 25 53 
53860 25 53 
53897 25 53 
53939 25 53 
53993 25 53 
54042 25 53 
54089 25 53 
54134 25 53 
54186 25 53 
54234 25 53 
54273 25 53 
54319 25 53 
54364 25 53 
54407 25 54 
54446 25 54 
54513 25 54 
54556 25 54 
54614 25 54 
54662 25 54 
54697 25 54 
54754 25 55 
54798 25 55 
54840 25 55 
54903 25 55 
54948 25 55 
54995 26 55 
55053 26 55 
55118 26 55 
55164 26 55 
55211 26 55 
55267 26 55 
55311 26 55 
55357 26 55 
55407 26 55 
55452 26 56 
55499 27 56 
55546 27 57 
55596 27 57 
55643 27 57 
55689 27 57 
55736 27 57 
55795 27 57 
55841 27 57 
55876 27 57 
55938 27 57 
55989 27 57 
56036 27 57 
56081 27 57 
56123 27 57 
56171 27 57 
56220 27 57 
56265 27 57 
56300 27 57 
56340 27 57 
56392 27 57 
56435 27 57 
56473 27 57 
56512 27 57 
56562 27 57 
56618 27 57 
56668 27 57 
56727 27 57 
56779 27 57 
56815 27 57 
56858 27 57 
56910 27 57 
56972 27 57 
57030 27 57 
57078 27 57 
57130 27 58 
57185 27 58 
57233 27 58 
57281 27 58 
57324 27 58 
57377 27 59 
57434 27 59 
57486 27 60 
57547 27 60 
57591 27 60 
57637 28 60 
57688 28 60 
57735 28 60 
57781 28 60 
57827 29 60 
57878 29 60 
57924 29 60 
57972 29 61 
58017 29 61 
58065 29 62 
58118 29 62 
58160 29 62 
58211 29 62 
58267 29 62 
58322 29 62 
58371 29 62 
58413 29 62 
58468 29 62 
58529 29 62 
58571 29 62 
58615 29 62 
58668 29 62 
58717 29 62 
58771 29 62 
58822 29 62 
58885 29 62 
58935 29 62 
58976 29 62 
59036 29 62 
59087 29 62 
59140 29 62 
59169 29 62 
59219 29 62 
59268 29 62 
59322 29 62 
59378 29 62 
59432 29 62 
59476 29 62 
59530 29 63 
59577 29 63 
59629 29 63 
59672 29 63 
59723 29 63 
59771 29 63 
59821 29 64 
59820 30 64 