healthy | potential | infected0 0 0 
491 0 0 
527 0 0 
562 0 0 
596 0 0 
621 0 0 
658 0 0 
694 0 0 
734 0 0 
761 0 0 
793 0 0 
824 0 0 
857 0 0 
884 0 0 
918 0 0 
954 0 0 
985 0 0 
1023 0 0 
1053 0 0 
1086 0 0 
1104 0 0 
1135 0 0 
1161 0 1 
1197 0 1 
1227 0 1 
1257 0 1 
1282 0 1 
1318 0 1 
1351 0 1 
1389 0 2 
1430 0 2 
1466 0 2 
1501 1 2 
1539 1 2 
1564 1 2 
1593 1 2 
1622 1 2 
1658 1 2 
1690 1 2 
1724 1 2 
1759 1 2 
1790 1 2 
1833 1 2 
1875 1 2 
1905 1 2 
1938 1 2 
1963 1 2 
2003 1 4 
2030 2 4 
2064 4 4 
2097 4 4 
2129 4 4 
2159 4 4 
2189 4 4 
2223 4 4 
2245 4 5 
2285 4 5 
2320 4 5 
2349 4 5 
2379 4 5 
2415 4 5 
2454 4 5 
2489 4 5 
2531 4 5 
2571 4 5 
2607 4 5 
2640 4 5 
2672 4 5 
2705 4 5 
2739 4 5 
2774 4 5 
2815 4 5 
2841 4 5 
2880 4 5 
2909 4 5 
2940 4 5 
2968 4 5 
2997 4 5 
3033 4 5 
3057 4 5 
3088 4 5 
3120 4 5 
3135 4 6 
3169 4 6 
3202 4 6 
3233 4 6 
3258 4 6 
3296 5 6 
3334 5 6 
3374 5 6 
3406 5 6 
3531 5 6 
3663 5 6 
3776 5 6 
3890 5 6 
4008 5 6 
4122 5 6 
4250 5 6 
4368 5 6 
4482 5 6 
4602 5 6 
4733 5 6 
4841 5 6 
4968 5 6 
5106 5 6 
5225 5 6 
5342 5 6 
5456 5 6 
5570 5 6 
5699 5 6 
5816 5 6 
5920 5 6 
6026 5 6 
6141 5 6 
6268 5 6 
6381 5 6 
6502 5 6 
6621 5 6 
6746 5 6 
6869 5 6 
6976 5 6 
7079 5 6 
7212 5 6 
7341 5 6 
7467 5 6 
7570 5 6 
7689 5 6 
7803 5 6 
7919 5 6 
8031 5 6 
8139 5 6 
8235 5 6 
8352 5 6 
8472 5 7 
8594 5 7 
8731 5 7 
8851 5 7 
8958 5 7 
9094 5 7 
9234 5 7 
9347 5 7 
9484 5 7 
9583 5 7 
9704 5 7 
9824 5 7 
9943 5 7 
10060 5 7 
10167 5 7 
10288 5 7 
10420 5 7 
10538 5 7 
10664 5 7 
10779 5 7 
10905 5 7 
11004 5 7 
11135 5 7 
11283 5 7 
11401 5 7 
11505 5 7 
11632 5 7 
11767 5 7 
11901 5 7 
12028 5 7 
12152 5 7 
12284 5 7 
12398 5 7 
12502 5 7 
12623 5 7 
12732 5 7 
12858 5 7 
12976 5 7 
13105 5 7 
13222 5 7 
13350 5 7 
13482 5 7 
13606 5 7 
13719 5 7 
13847 5 7 
13965 5 7 
14085 5 7 
14189 5 7 
14319 5 7 
14432 5 7 
14558 6 8 
14684 6 8 
14810 6 8 
14932 6 8 
15040 6 8 
15183 7 8 
15297 7 8 
15408 7 8 
15525 7 8 
15626 7 8 
15730 7 8 
15853 7 8 
15947 7 8 
16066 7 8 
16188 7 8 
16318 7 8 
16429 7 8 
16543 7 8 
16675 7 8 
16790 7 8 
16906 7 8 
17026 7 8 
17140 7 8 
17243 7 8 
17361 7 9 
17483 8 9 
17615 9 11 
17739 9 11 
17869 12 11 
17996 14 11 
18119 17 11 
18244 18 11 
18328 18 11 
18448 18 11 
18583 18 11 
18696 18 11 
18829 18 11 
18957 18 11 
19072 18 11 
19191 18 11 
19311 18 11 
19426 18 12 
19546 18 12 
19661 20 12 
19770 21 12 
19873 23 12 
19997 23 12 
20116 31 13 
20237 34 13 
20334 34 13 
20446 35 13 
20569 36 13 
20700 36 13 
20810 36 13 
20926 37 13 
21054 37 13 
21176 37 13 
21287 38 15 
21318 41 15 
21355 44 15 
21394 47 15 
21445 48 15 
21484 48 15 
21526 48 16 
21560 49 16 
21605 49 16 
21638 50 16 
21682 50 16 
21732 50 17 
21767 50 17 
21808 50 17 
21854 51 17 
21899 51 17 
21934 51 17 
21982 51 17 
22023 51 17 
22074 51 17 
22107 51 18 
22153 52 18 
22196 52 18 
22232 53 18 
22267 53 18 
22308 53 18 
22354 53 18 
22395 53 18 
22434 53 18 
22469 53 18 
22501 53 18 
22544 53 18 
22586 53 18 
22634 53 18 
22675 53 18 
22709 53 18 
22753 53 18 
22791 53 18 
22833 53 18 
22869 53 18 
22901 53 18 
22939 53 18 
22988 53 18 
23022 53 18 
23066 53 18 
23105 53 18 
23152 53 18 
23181 53 18 
23230 53 18 
23260 53 18 
23305 53 18 
23341 53 18 
23378 53 18 
23421 53 18 
23470 53 18 
23514 53 18 
23552 53 18 
23594 53 18 
23636 53 18 
23668 53 18 
23708 53 18 
23759 53 18 
23801 53 18 
23841 53 18 
23873 53 18 
23914 53 18 
23958 53 18 
24010 53 18 
24054 53 18 
24100 54 19 
24135 54 19 
24185 54 19 
24224 55 19 
24265 55 19 
24312 55 19 
24356 55 19 
24402 55 19 
24443 55 19 
24484 55 19 
24536 55 19 
24562 55 19 
24604 55 19 
24648 55 19 
24696 55 19 
24727 55 20 
24761 55 20 
24804 55 21 
24842 55 21 
24878 55 21 
24913 56 21 
24958 56 21 
24999 56 21 
25036 56 22 
25082 56 22 
25125 56 22 
25165 56 22 
25200 56 23 
25242 56 23 
25276 57 23 
25325 57 23 
25371 58 23 
25406 58 23 
25432 58 23 
25494 58 23 
25537 58 23 
25583 58 23 
25615 58 23 
25666 58 23 
25705 58 23 
25746 58 23 
25791 58 23 
25837 58 23 
25874 59 24 
25929 59 24 
25964 59 24 
26007 59 24 
26052 59 24 
26084 59 24 
26121 60 25 
26155 60 25 
26208 61 25 
26241 62 25 
26277 62 25 
26317 62 25 
26351 62 25 
26382 62 25 
26429 62 25 
26459 62 25 
26511 62 25 
26555 62 25 
26598 62 25 
26636 62 25 
26669 63 26 
26712 64 26 
26755 64 26 
26784 64 26 
26817 65 26 
26868 65 26 
26904 65 27 
26935 66 27 
26975 66 27 
27017 66 27 
27047 66 27 
27089 68 27 
27138 68 27 
27181 68 27 
27216 68 27 
27244 68 27 
27286 68 27 
27329 68 27 
27371 68 27 
27415 68 27 
27458 68 27 
27501 68 27 
27533 68 27 
27577 68 27 
27612 68 27 
27646 68 27 
27694 68 27 
27730 68 28 
27771 68 28 
27822 68 29 
27863 68 29 
27907 68 29 
27948 68 29 
27983 68 29 
28033 69 30 
28075 69 30 
28113 69 30 
28153 70 30 
28196 70 30 
28235 72 30 
28279 72 30 
28311 72 30 
28359 72 30 
28399 72 30 
28446 72 30 
28481 72 30 
28520 72 30 
28550 72 30 
28587 72 30 
28625 72 30 
28675 72 30 
28712 72 30 
28750 72 30 
28796 72 30 
28834 72 31 
28874 72 31 
28908 72 31 
28953 72 31 
28982 72 32 
29016 73 32 
29051 73 32 
29095 73 32 
29136 73 32 
29176 73 32 
29213 73 32 
29249 73 32 
29296 73 32 
29335 73 32 
29382 73 32 
29415 73 32 
29463 73 32 
29510 73 33 
29547 73 33 
29595 73 33 
29632 73 33 
29677 73 33 
29725 73 33 
29763 73 33 
29804 73 33 
29850 73 33 
29895 73 33 
29938 73 33 
29981 73 33 
30024 73 33 
30065 73 33 
30112 73 33 
30157 73 33 
30195 73 33 
30235 73 34 
30278 73 34 
30322 75 34 
30357 75 34 
30399 75 34 
30436 75 34 
30476 75 34 
30505 75 34 
30537 75 34 
30578 75 35 
30608 77 35 
30650 78 35 
30687 78 35 
30729 78 35 
30765 78 35 
30804 79 35 
30860 79 35 
30903 79 35 
30934 79 35 
30971 79 35 
31013 79 35 
31049 79 35 
31086 79 35 
31128 79 35 
31168 79 35 
31212 79 35 
31252 79 35 
31294 79 35 
31335 79 35 
31375 79 35 
31418 79 35 
31464 79 35 
31514 79 35 
31549 79 35 
31579 79 35 
31629 79 35 
31664 79 36 
31704 79 36 
31737 79 36 
31774 79 36 
31827 79 36 
31866 79 36 
31903 79 36 
31936 79 36 
31975 79 36 
32021 79 36 
32054 79 36 
32099 79 37 
32135 79 37 
32183 79 38 
32221 79 38 
32261 79 38 
32301 79 38 
32346 79 38 
32384 79 38 
32427 79 38 
32466 79 38 
32510 79 38 
32549 79 38 
32589 79 38 
32629 79 38 
32668 79 38 
32693 79 38 
32737 79 38 
32776 79 38 
32805 79 38 
32841 79 38 
32879 79 38 
32920 79 38 
32961 79 38 
33008 79 38 
33044 79 38 
33089 79 38 
33130 79 38 
33169 79 38 
33208 79 38 
33251 79 38 
33305 79 38 
33344 79 38 
33389 79 38 
33421 79 38 
33477 79 38 
33521 79 38 
33557 79 38 
33597 79 38 
33637 79 38 
33682 79 38 
33711 79 38 
33756 79 38 
33792 79 38 
33835 79 38 
33869 80 39 
33907 80 39 
33962 80 39 
34000 80 39 
34052 80 39 
34096 80 39 
34146 80 39 
34187 80 39 
34224 80 39 
34256 80 39 
34290 80 39 
34333 80 39 
34380 80 39 
34415 80 39 
34449 80 39 
34488 80 39 
34523 80 39 
34565 80 39 
34605 80 39 
34633 80 39 
34681 80 39 
34726 80 39 
34773 80 39 
34814 80 39 
34856 80 39 
34899 80 39 
34956 80 39 
35000 80 40 
35036 80 40 
35077 80 40 
35109 81 40 
35142 83 40 
35185 83 40 
35220 83 40 
35259 83 40 
35296 83 41 
35329 83 41 
35369 83 41 
35414 83 41 
35447 83 41 
35483 83 41 
35519 83 41 
35568 83 41 
35607 83 41 
35647 83 41 
35690 83 41 
35743 83 41 
35790 83 41 
35837 83 41 
35871 83 41 
35917 83 41 
35954 83 41 
35991 83 41 
36022 83 41 
36057 83 41 
36099 83 41 
36130 83 41 
36173 83 41 
36215 83 41 
36257 83 41 
36286 83 41 
36317 83 42 
36358 83 42 
36390 84 42 
36427 84 42 
36475 84 42 
36519 84 42 
36561 84 42 
36603 84 42 
36651 84 43 
36694 84 43 
36744 84 43 
36793 84 43 
36837 84 43 
36864 86 43 
36918 86 43 
36971 86 43 
37019 86 43 
37065 86 43 
37097 86 43 
37129 86 43 
37164 86 43 
37208 86 43 
37246 86 44 
37283 86 44 
37317 87 44 
37349 87 44 
37386 88 45 
37434 88 45 
37471 89 45 
37516 89 45 
37548 89 45 
37580 89 45 
37619 89 45 
37660 89 45 
37699 89 45 
37747 89 45 
37777 89 45 
37824 90 46 
37865 91 46 
37898 91 46 
37931 91 46 
37975 91 46 
38010 92 46 
38051 92 46 
38083 92 46 
38125 92 46 
38157 92 46 
38195 92 46 
38245 92 46 
38278 92 46 
38315 92 46 
38348 92 46 
38382 92 46 
38421 92 47 
38463 92 47 
38498 92 47 
38530 92 48 
38577 92 48 
38617 93 48 
38652 93 48 
38691 93 48 
38738 93 49 
38782 94 49 
38838 94 49 
38867 94 49 
38910 94 49 
38947 94 49 
38985 94 49 
39021 94 49 
39075 94 49 
39113 94 49 
39160 94 49 
39185 94 49 
39234 94 49 
39275 94 49 
39317 94 49 
39364 94 49 
39401 94 49 
39452 94 49 
39520 94 49 
39594 94 49 
39680 94 49 
39751 94 49 
39826 94 49 
39907 94 49 
39978 94 49 
40036 94 49 
40116 94 49 
40186 94 49 
40282 94 49 
40365 94 49 
40453 94 49 
40520 94 49 
40587 94 49 
40646 94 49 
40734 94 49 
40816 94 49 
40888 94 49 
40956 94 49 
41031 94 49 
41118 94 49 
41190 94 49 
41264 94 49 
41338 94 49 
41416 94 49 
41484 94 49 
41574 94 50 
41664 94 50 
41749 94 50 
41832 94 50 
41925 94 50 
42008 94 50 
42089 94 50 
42175 94 50 
42260 94 50 
42344 94 50 
42413 94 50 
42489 94 50 
42559 94 50 
42656 94 50 
42761 94 50 
42842 94 50 
42901 94 50 
42986 94 50 
43074 94 50 
43136 94 50 
43218 94 50 
43300 94 50 
43364 94 50 
43450 94 50 
43527 94 50 
43599 94 50 
43679 94 50 
43761 94 50 
43840 94 50 
43919 94 50 
43999 94 50 
44064 94 50 
44140 94 50 
44218 94 50 
44296 94 50 
44369 94 50 
44441 94 50 
44523 94 50 
44581 94 50 
44657 94 52 
44730 94 52 
44789 96 52 
44862 97 52 
44934 98 52 
45011 98 52 
45092 101 52 
45179 102 52 
45250 102 52 
45333 102 52 
45413 102 52 
45492 102 52 
45575 102 53 
45651 102 53 
45740 102 53 
45823 102 53 
45914 102 53 
45990 102 53 
46067 102 53 
46156 102 53 
46239 102 53 
46321 102 53 
46386 102 53 
46451 102 53 
46522 102 53 
46591 102 53 
46680 102 53 
46765 102 53 
46844 103 54 
46910 104 54 
46988 104 54 
47061 105 54 
47143 106 54 
47233 106 54 
47313 109 54 
47400 110 54 
47491 110 54 
47578 110 54 
47651 110 54 
47723 110 54 
47799 110 54 
47893 110 54 
47987 110 54 
48068 110 54 
48150 110 54 
48245 110 54 
48329 110 54 
48407 110 54 
48500 110 54 
48571 110 54 
48664 110 54 
48732 110 54 
48812 110 54 
48898 110 54 
48973 110 54 
49046 110 54 
49135 110 54 
49215 110 54 
49284 110 54 
49350 110 54 
49436 110 54 
49513 110 54 
49593 110 54 
49675 110 55 
49741 112 55 
49818 112 55 
49904 112 55 
49985 112 55 
50062 112 55 
50162 112 55 
50248 112 55 
50319 112 55 
50390 112 55 
50466 112 55 
50553 112 55 
50645 112 55 
50723 112 55 
50813 112 55 
50896 112 55 
50975 112 55 
51055 112 56 
51121 113 57 
51186 114 57 
51273 114 57 
51329 115 58 
51376 118 58 
51441 119 58 
51489 120 58 
51523 120 58 
51563 120 58 
51613 120 58 
51673 120 58 
51728 120 58 
51786 120 58 
51850 120 58 
51897 120 58 
51939 120 59 
51977 121 59 
52030 121 59 
52093 121 59 
52142 121 59 
52181 121 59 
52236 121 59 
52292 121 59 
52354 121 59 
52401 121 59 
52453 121 59 
52508 121 59 
52565 121 59 
52610 121 59 
52667 121 59 
52720 121 59 
52772 121 59 
52813 121 59 
52860 121 59 
52907 121 59 
52960 121 61 
53002 122 61 
53045 122 61 
53084 123 61 
53143 123 61 
53189 123 61 
53242 123 61 
53284 123 61 
53334 123 61 
53389 123 61 
53441 123 61 
53496 123 61 
53542 123 61 
53584 123 61 
53650 123 61 
53702 123 61 
53757 123 61 
53805 123 61 
53864 123 61 
53907 123 61 
53962 123 61 
54006 123 61 
54059 123 61 
54110 123 61 
54152 123 61 
54201 123 61 
54251 123 61 
54309 123 61 
54349 123 61 
54407 123 61 
54466 123 61 
54515 123 61 
54568 123 61 
54617 123 61 
54669 123 61 
54718 123 61 
54785 123 61 
54848 123 61 
54905 123 61 
54949 123 61 
54998 123 61 
55047 123 61 
55101 123 61 
55157 123 61 
55204 123 61 
55257 123 61 
55304 123 61 
55354 123 61 
55409 123 61 
55454 123 61 
55505 123 61 
55559 123 62 
55615 123 62 
55662 123 62 
55721 124 62 
55759 125 62 
55821 125 62 
55879 125 62 
55930 125 62 
55983 125 62 
56027 125 62 
56088 125 62 
56138 125 62 
56187 125 62 
56245 125 62 
56284 125 62 
56332 125 62 
56380 125 62 
56445 125 62 
56486 125 62 
56534 125 62 
56588 125 62 
56643 125 62 
56697 125 62 
56748 125 62 
56810 125 62 
56860 125 62 
56927 125 62 
56978 125 62 
57031 125 62 
57073 125 62 
57113 125 62 
57171 125 62 
57225 125 63 
57265 125 63 
57314 125 63 
57365 126 63 
57424 126 63 
57483 126 63 
57549 126 63 
57595 126 63 
57659 126 63 
57711 126 63 
57761 126 63 
57808 126 63 
57846 126 63 
57905 126 63 
57949 126 63 
57990 126 63 
58053 126 63 
58105 126 63 
58159 126 63 
58198 126 63 
58242 126 63 
58285 126 63 
58318 126 63 
58380 126 63 
58420 126 63 
58470 126 63 
58515 126 63 
58572 127 64 
58622 127 64 
58669 127 64 
58731 127 64 
58782 127 64 
58824 128 64 
58874 128 64 
58919 128 64 
58973 128 64 
59026 128 64 
59062 128 64 
59097 128 64 
59139 128 65 
59185 128 65 
59243 128 65 
59299 128 65 
59342 128 65 
59391 128 65 
59450 128 65 
59499 128 65 
59554 128 65 
59615 128 65 
59681 128 66 
59730 128 66 
59778 128 66 
59831 128 66 
59891 128 66 
59943 128 66 
59988 129 66 
60034 129 66 
60076 129 66 
60119 129 66 
60171 129 66 
60217 129 66 
60269 129 66 
60327 129 66 
60372 129 66 
60421 129 66 