healthy | potential | infected0 0 0 
524 0 0 
563 0 0 
598 0 0 
620 0 0 
646 0 0 
677 0 0 
712 0 0 
750 0 0 
775 0 0 
808 0 0 
843 0 0 
874 0 0 
906 0 0 
937 0 0 
959 0 0 
989 0 0 
1022 0 0 
1061 0 0 
1093 0 0 
1120 0 0 
1157 0 0 
1194 0 0 
1219 0 0 
1257 0 0 
1285 0 0 
1315 0 0 
1343 0 0 
1379 0 1 
1400 0 1 
1431 0 1 
1457 0 1 
1493 0 1 
1519 0 1 
1547 0 1 
1591 0 1 
1628 0 1 
1669 0 1 
1705 0 1 
1732 0 1 
1764 0 1 
1801 0 1 
1843 0 1 
1880 0 1 
1914 0 1 
1951 0 1 
1982 0 1 
2015 0 1 
2070 0 1 
2101 0 1 
2135 0 1 
2166 0 1 
2194 0 1 
2237 0 1 
2268 0 1 
2304 0 1 
2332 0 1 
2363 0 1 
2395 0 1 
2433 0 1 
2460 0 1 
2496 0 1 
2532 0 1 
2571 0 1 
2620 0 1 
2648 0 1 
2690 0 1 
2720 0 1 
2745 0 1 
2776 0 1 
2818 0 1 
2850 0 1 
2891 0 1 
2931 0 1 
2961 0 1 
2997 0 1 
3029 0 1 
3056 0 1 
3092 0 1 
3122 0 1 
3155 0 1 
3184 0 1 
3226 0 1 
3271 0 1 
3303 0 1 
3325 0 1 
3354 0 1 
3381 0 1 
3422 0 1 
3457 0 1 
3492 0 1 
3618 0 1 
3735 0 1 
3841 0 1 
3967 0 1 
4078 0 1 
4195 0 1 
4324 0 1 
4447 0 1 
4567 0 1 
4687 0 1 
4791 0 1 
4901 0 1 
5034 0 1 
5154 0 1 
5267 0 1 
5396 0 1 
5518 0 1 
5629 0 1 
5757 0 1 
5884 0 1 
5997 0 1 
6126 0 1 
6256 0 1 
6385 0 1 
6512 0 1 
6628 0 1 
6738 0 1 
6849 0 1 
6974 0 1 
7094 0 1 
7222 0 1 
7326 0 1 
7454 0 1 
7564 0 1 
7699 0 1 
7839 0 1 
7947 0 1 
8070 0 1 
8190 0 1 
8304 0 1 
8412 0 1 
8525 0 1 
8650 0 1 
8779 0 1 
8885 0 1 
9008 0 1 
9132 0 1 
9269 0 1 
9400 0 1 
9522 0 1 
9644 0 1 
9757 0 1 
9873 0 1 
9973 0 1 
10074 0 1 
10184 0 1 
10291 0 1 
10399 0 1 
10532 0 2 
10649 0 2 
10778 0 2 
10914 0 2 
11026 0 2 
11146 0 2 
11251 0 2 
11380 0 2 
11499 0 2 
11604 0 2 
11732 0 2 
11859 0 2 
11976 0 2 
12110 0 2 
12247 0 2 
12353 0 2 
12487 0 2 
12613 0 2 
12718 0 2 
12844 0 2 
12977 0 2 
13090 0 2 
13209 0 2 
13328 0 2 
13453 0 2 
13552 0 2 
13670 0 2 
13799 0 3 
13907 2 3 
14050 2 3 
14176 2 3 
14290 2 3 
14418 3 4 
14541 3 4 
14662 4 4 
14765 4 4 
14884 4 4 
15003 4 4 
15127 4 4 
15256 5 4 
15368 5 4 
15487 6 4 
15605 6 4 
15724 7 5 
15838 7 5 
15975 7 5 
16101 7 5 
16232 7 5 
16359 7 5 
16475 7 5 
16601 7 5 
16721 7 5 
16834 7 5 
16960 7 5 
17088 7 6 
17217 7 6 
17348 7 6 
17476 7 6 
17591 8 6 
17712 10 6 
17831 10 6 
17940 10 6 
18067 10 6 
18194 10 7 
18318 11 7 
18429 13 7 
18521 15 7 
18666 15 7 
18793 15 7 
18920 15 7 
19041 15 7 
19158 15 7 
19283 15 7 
19418 15 7 
19525 15 7 
19624 15 7 
19749 15 7 
19856 15 7 
19967 15 7 
20089 15 7 
20218 15 7 
20326 15 7 
20426 15 7 
20528 15 7 
20659 15 7 
20791 15 7 
20909 15 7 
21046 15 7 
21176 15 7 
21324 15 7 
21437 15 7 
21571 15 7 
21610 15 7 
21648 15 8 
21688 15 8 
21719 15 8 
21755 15 8 
21787 15 8 
21840 15 8 
21872 15 9 
21909 15 9 
21962 15 9 
22005 15 10 
22048 15 10 
22091 15 11 
22126 15 11 
22168 15 11 
22214 15 11 
22246 15 11 
22293 15 11 
22333 15 11 
22391 15 11 
22435 15 12 
22468 15 12 
22513 15 12 
22545 16 12 
22596 16 12 
22638 16 12 
22674 16 12 
22709 16 12 
22747 16 12 
22778 16 12 
22821 16 12 
22868 16 12 
22910 16 12 
22948 16 12 
22995 16 12 
23047 16 12 
23089 16 12 
23123 16 13 
23166 16 13 
23207 16 13 
23244 16 13 
23278 16 14 
23315 16 14 
23352 16 14 
23404 16 14 
23443 16 14 
23478 16 14 
23526 16 14 
23572 16 14 
23615 16 14 
23653 16 14 
23693 16 14 
23744 16 14 
23798 16 14 
23846 16 14 
23883 16 15 
23920 16 15 
23956 16 15 
23985 16 15 
24024 16 15 
24067 16 16 
24097 16 16 
24133 16 16 
24175 16 16 
24208 16 16 
24253 16 16 
24299 16 16 
24348 16 16 
24392 16 17 
24432 16 17 
24473 16 18 
24518 16 18 
24555 16 18 
24589 16 18 
24630 16 18 
24672 17 18 
24716 17 18 
24759 17 19 
24795 17 19 
24842 17 19 
24877 17 20 
24922 17 20 
24953 18 20 
24985 18 20 
25030 18 20 
25064 18 20 
25099 18 20 
25152 18 20 
25187 18 21 
25217 18 21 
25265 18 21 
25305 18 21 
25345 18 21 
25392 18 21 
25434 18 21 
25480 19 22 
25520 19 22 
25562 19 22 
25600 19 22 
25647 20 22 
25674 20 22 
25706 20 22 
25741 20 22 
25791 20 22 
25832 20 22 
25865 20 22 
25915 20 22 
25951 20 22 
25991 20 22 
26040 20 22 
26084 20 22 
26128 20 22 
26171 20 22 
26215 20 22 
26257 20 22 
26304 20 22 
26344 20 22 
26382 20 22 
26432 20 22 
26464 20 23 
26500 20 23 
26538 20 23 
26569 20 23 
26594 21 23 
26641 21 23 
26675 21 23 
26710 21 23 
26744 21 23 
26783 21 23 
26820 21 23 
26883 21 23 
26922 21 23 
26960 21 23 
27001 21 23 
27039 21 23 
27088 21 23 
27127 21 23 
27152 21 23 
27199 21 23 
27236 21 23 
27275 21 23 
27316 21 23 
27356 21 23 
27401 21 23 
27446 21 23 
27493 21 23 
27533 21 23 
27576 21 23 
27625 21 23 
27661 21 23 
27704 21 23 
27748 21 23 
27785 21 23 
27839 21 23 
27887 21 23 
27934 21 23 
27978 21 23 
28019 21 23 
28060 21 23 
28104 21 23 
28142 22 24 
28183 22 24 
28209 22 24 
28250 22 24 
28298 22 24 
28344 22 24 
28376 22 24 
28414 22 24 
28453 22 24 
28484 22 24 
28526 22 24 
28566 22 24 
28610 22 24 
28647 22 24 
28690 22 24 
28727 22 24 
28767 22 24 
28808 22 24 
28850 22 24 
28899 22 24 
28937 22 24 
28980 22 24 
29015 22 24 
29050 22 24 
29087 22 24 
29128 22 24 
29171 22 24 
29207 22 24 
29250 22 24 
29293 22 24 
29322 22 24 
29355 22 26 
29393 23 26 
29425 23 26 
29465 23 27 
29511 23 27 
29548 23 27 
29577 23 27 
29620 23 28 
29664 24 28 
29697 24 28 
29739 24 29 
29776 24 29 
29829 24 29 
29864 25 29 
29910 25 29 
29947 25 29 
29989 25 29 
30026 25 29 
30066 25 29 
30105 25 29 
30148 25 29 
30192 25 29 
30225 25 29 
30264 25 29 
30304 25 29 
30341 25 30 
30390 25 30 
30427 25 30 
30462 25 30 
30499 25 30 
30534 25 30 
30592 25 30 
30633 25 30 
30660 25 31 
30699 25 31 
30729 25 31 
30777 25 31 
30825 25 31 
30873 25 31 
30910 25 31 
30959 25 31 
31006 25 31 
31036 25 31 
31067 25 31 
31107 25 31 
31163 25 31 
31196 25 31 
31241 25 31 
31285 25 31 
31315 25 31 
31364 25 31 
31390 26 32 
31439 26 32 
31476 26 32 
31506 26 32 
31543 26 32 
31588 26 32 
31636 26 32 
31681 26 32 
31724 26 33 
31761 26 34 
31798 26 34 
31838 26 35 
31877 26 35 
31916 26 35 
31957 26 35 
31989 26 35 
32022 26 36 
32070 26 36 
32114 26 36 
32158 26 36 
32198 26 36 
32251 26 36 
32294 26 36 
32340 26 37 
32370 26 37 
32409 26 37 
32450 26 37 
32486 26 37 
32521 26 37 
32564 26 37 
32594 26 37 
32646 26 37 
32681 26 37 
32718 26 37 
32749 26 37 
32791 26 37 
32837 26 37 
32879 26 37 
32925 26 37 
32960 26 37 
32998 26 37 
33043 26 37 
33085 26 37 
33115 26 37 
33167 26 38 
33205 26 38 
33237 26 38 
33268 26 38 
33300 26 39 
33341 26 39 
33377 26 39 
33417 26 40 
33454 26 40 
33488 27 40 
33527 27 40 
33564 27 40 
33592 27 40 
33626 27 40 
33671 27 41 
33702 27 41 
33747 27 42 
33795 27 42 
33828 27 42 
33882 27 42 
33918 27 42 
33962 27 42 
33999 27 42 
34037 27 42 
34076 27 42 
34115 27 42 
34157 27 42 
34194 27 42 
34230 27 42 
34265 27 42 
34306 27 42 
34344 27 42 
34383 27 42 
34419 27 42 
34461 27 42 
34499 27 42 
34541 27 42 
34591 27 42 
34637 27 42 
34671 27 42 
34701 27 43 
34740 27 43 
34788 27 43 
34820 27 43 
34857 27 43 
34899 27 43 
34947 27 43 
34989 27 43 
35024 27 43 
35057 27 43 
35104 27 43 
35137 27 43 
35195 27 43 
35241 27 43 
35273 27 43 
35309 27 43 
35351 27 43 
35387 27 43 
35414 27 43 
35449 27 43 
35485 27 43 
35531 27 43 
35583 27 43 
35624 27 43 
35667 27 43 
35703 27 43 
35744 27 44 
35775 27 44 
35809 27 44 
35846 27 44 
35890 27 44 
35922 27 44 
35951 27 44 
36003 27 44 
36033 27 44 
36080 27 44 
36119 27 44 
36166 27 44 
36206 27 44 
36234 27 44 
36275 27 44 
36303 27 44 
36346 27 44 
36384 27 45 
36425 27 45 
36468 27 45 
36505 27 45 
36536 27 45 
36571 27 45 
36605 27 45 
36647 27 45 
36686 27 45 
36731 27 45 
36776 27 45 
36819 27 45 
36856 27 45 
36898 27 45 
36928 27 45 
36960 27 45 
36983 27 45 
37020 27 45 
37056 27 45 
37087 27 45 
37125 27 45 
37155 27 45 
37194 27 45 
37229 27 45 
37276 27 45 
37312 27 45 
37357 27 45 
37408 27 45 
37445 27 45 
37493 27 45 
37544 27 45 
37585 27 45 
37623 27 45 
37673 27 45 
37705 27 45 
37746 27 45 
37789 27 45 
37832 27 45 
37873 27 45 
37908 27 45 
37949 27 45 
37995 27 45 
38036 27 45 
38081 27 45 
38113 27 45 
38153 27 45 
38194 27 45 
38227 27 46 
38273 27 46 
38317 27 46 
38359 27 46 
38400 27 46 
38441 27 46 
38482 27 46 
38527 27 46 
38570 27 46 
38607 27 46 
38648 27 46 
38692 27 46 
38740 27 46 
38782 27 47 
38821 27 47 
38867 27 47 
38912 27 47 
38948 27 47 
38978 28 47 
39009 28 48 
39035 28 48 
39070 28 49 
39114 28 49 
39153 28 49 
39199 28 49 
39243 28 49 
39285 28 49 
39324 28 49 
39365 28 49 
39404 28 49 
39448 28 49 
39489 28 49 
39529 28 49 
39560 28 49 
39630 28 49 
39717 28 49 
39799 28 49 
39887 28 49 
39980 28 49 
40081 28 49 
40165 28 49 
40236 28 49 
40326 29 50 
40421 30 50 
40493 30 50 
40583 30 50 
40654 30 50 
40727 30 50 
40801 30 50 
40900 30 50 
40974 30 50 
41062 30 50 
41157 30 50 
41233 30 50 
41306 30 50 
41393 30 50 
41464 30 50 
41548 30 50 
41636 30 50 
41722 30 50 
41799 30 50 
41876 30 50 
41956 30 50 
42034 30 50 
42113 30 50 
42193 30 50 
42275 30 50 
42357 30 50 
42440 30 50 
42530 30 50 
42624 30 50 
42717 30 50 
42778 30 50 
42864 30 50 
42943 30 50 
43020 30 50 
43094 30 50 
43163 30 50 
43240 30 50 
43335 30 50 
43396 30 50 
43467 30 50 
43520 30 50 
43610 30 50 
43690 30 50 
43766 30 50 
43847 30 50 
43925 30 50 
44008 30 50 
44085 30 50 
44176 30 50 
44249 30 50 
44333 30 50 
44400 30 50 
44479 30 50 
44544 30 50 
44611 30 50 
44689 30 50 
44761 30 50 
44836 30 52 
44925 30 52 
45003 32 52 
45093 32 52 
45181 32 52 
45253 32 53 
45331 32 53 
45400 32 53 
45485 34 53 
45565 34 53 
45657 34 53 
45740 34 53 
45826 34 53 
45913 34 54 
45991 34 54 
46078 34 54 
46146 34 54 
46236 35 54 
46321 35 54 
46395 35 54 
46487 35 54 
46564 35 54 
46640 35 54 
46709 35 54 
46783 35 54 
46868 35 54 
46958 35 54 
47039 35 54 
47129 35 54 
47199 35 54 
47270 35 54 
47347 35 54 
47435 35 54 
47504 35 54 
47583 35 54 
47660 35 54 
47737 35 54 
47816 35 54 
47889 35 54 
47976 35 54 
48070 35 54 
48148 35 54 
48222 35 54 
48297 35 54 
48383 35 54 
48453 35 54 
48540 35 54 
48629 35 55 
48714 36 55 
48789 36 55 
48869 36 55 
48952 37 55 
49029 37 55 
49103 37 55 
49179 37 56 
49275 37 56 
49362 37 56 
49429 38 56 
49512 38 56 
49602 38 56 
49680 38 56 
49774 38 56 
49871 38 56 
49955 38 56 
50038 38 56 
50122 39 57 
50197 39 57 
50288 39 57 
50381 39 57 
50467 39 57 
50546 39 57 
50622 39 57 
50699 39 57 
50795 39 57 
50866 39 57 
50952 39 57 
51031 39 57 
51114 39 57 
51203 39 57 
51294 39 57 
51375 39 57 
51459 39 57 
51539 39 57 
51634 39 57 
51716 39 57 
51770 39 57 
51829 39 57 
51878 39 57 
51922 39 57 
51969 39 57 
52033 39 58 
52073 41 58 
52121 41 58 
52163 41 58 
52205 41 58 
52258 41 58 
52308 41 58 
52350 41 58 
52401 41 58 
52443 41 58 
52495 41 58 
52551 41 58 
52599 41 58 
52660 41 58 
52718 41 58 
52752 41 58 
52799 41 58 
52847 41 58 
52898 41 58 
52951 41 58 
52999 41 59 
53037 41 59 
53098 41 59 
53152 41 59 
53206 42 59 
53250 42 59 
53291 42 59 
53344 42 59 
53398 42 59 
53435 42 60 
53494 42 60 
53544 42 60 
53596 44 60 
53634 45 60 
53684 45 60 
53734 45 60 
53791 45 60 
53836 45 60 
53891 45 60 
53948 45 60 
54004 45 60 
54069 45 60 
54131 45 60 
54177 45 60 
54226 45 60 
54264 45 60 
54298 45 60 
54350 45 61 
54392 45 61 
54440 45 61 
54511 45 61 
54553 45 61 
54602 45 61 
54652 45 61 
54695 45 61 
54753 45 61 
54804 45 61 
54852 45 61 
54913 45 61 
54968 45 61 
55018 45 61 
55064 45 61 
55116 45 61 
55175 45 61 
55222 45 61 
55275 45 61 
55329 45 61 
55378 45 61 
55418 45 61 
55481 45 62 
55523 47 63 
55569 47 63 
55621 47 63 
55665 48 63 
55727 49 63 
55784 49 63 
55834 50 63 
55878 50 63 
55926 50 63 
55965 50 63 
55997 50 63 
56046 50 63 
56090 50 63 
56147 50 63 
56194 50 63 
56234 50 63 
56288 50 63 
56333 50 63 
56393 50 63 
56444 50 63 
56493 50 63 
56540 50 63 
56586 50 63 
56639 50 63 
56683 50 63 
56738 50 63 
56791 50 63 
56839 50 63 
56887 50 63 
56941 50 63 
56983 50 63 
57035 50 63 
57085 50 63 
57127 50 63 
57173 50 63 
57235 50 63 
57288 50 63 
57357 50 63 
57416 50 63 
57470 50 63 
57523 50 63 
57572 50 63 
57617 50 63 
57663 50 63 
57712 50 64 
57763 50 64 
57812 51 65 
57868 52 66 
57920 52 66 
57970 52 66 
58018 53 67 
58068 53 67 
58125 54 67 
58169 54 67 
58223 54 67 
58264 54 68 
58315 54 68 
58365 54 68 
58417 54 68 
58462 54 68 
58507 54 68 
58559 54 68 
58617 54 68 
58663 54 68 
58705 54 68 
58756 54 68 
58808 54 68 
58851 54 68 
58888 54 69 
58930 54 69 
58979 54 69 
59032 54 69 
59087 54 69 
59142 54 69 
59186 54 69 
59234 54 69 
59273 54 69 
59317 54 69 
59362 54 69 
59425 54 69 
59475 54 69 
59526 54 69 
59587 54 69 
59633 54 69 
59678 54 69 
59737 54 69 
59789 54 69 
59834 54 69 
59880 54 69 
59931 54 69 
59985 54 69 
60042 54 69 
60087 54 69 
60132 54 69 
60187 54 69 
60234 54 69 
60281 54 69 
60330 54 69 
60371 54 69 
60428 54 70 
60480 55 70 
60537 55 70 
60587 55 70 
60637 55 70 
60682 55 70 