healthy | potential | infected0 0 0 
531 0 0 
555 0 0 
584 0 0 
624 0 1 
658 0 1 
690 0 1 
722 0 1 
764 0 1 
800 0 1 
839 0 1 
878 0 1 
915 0 1 
945 0 1 
988 0 2 
1023 0 2 
1059 0 2 
1095 0 2 
1130 0 2 
1169 0 2 
1200 0 2 
1224 0 2 
1256 0 2 
1288 0 2 
1332 0 2 
1365 0 2 
1408 0 2 
1437 0 2 
1476 0 2 
1513 0 2 
1550 0 2 
1569 0 2 
1601 0 2 
1631 0 2 
1669 0 2 
1701 0 2 
1737 0 2 
1767 0 2 
1797 0 2 
1831 0 2 
1875 0 2 
1914 0 2 
1963 0 2 
1998 0 2 
2021 0 2 
2051 0 2 
2085 0 2 
2117 0 2 
2152 0 2 
2178 0 2 
2215 0 3 
2245 0 3 
2278 0 3 
2309 0 3 
2342 0 3 
2384 0 4 
2412 0 4 
2449 0 4 
2474 0 4 
2502 0 4 
2529 0 4 
2573 0 4 
2601 0 4 
2624 0 4 
2658 0 4 
2702 0 4 
2737 0 4 
2781 0 4 
2809 0 4 
2844 0 4 
2881 0 4 
2912 0 4 
2958 0 4 
2997 0 4 
3036 0 4 
3073 0 4 
3100 0 4 
3147 0 4 
3184 0 4 
3229 0 4 
3252 0 4 
3279 0 4 
3310 0 5 
3356 0 5 
3385 0 5 
3422 0 5 
3458 0 5 
3487 0 5 
3507 0 5 
3539 0 5 
3577 0 5 
3705 0 5 
3840 0 5 
3945 0 5 
4065 0 5 
4185 0 5 
4298 0 5 
4418 0 5 
4557 0 5 
4702 0 5 
4828 0 5 
4958 0 5 
5057 0 5 
5193 0 5 
5303 0 5 
5412 0 5 
5523 0 5 
5647 0 5 
5762 0 5 
5903 0 5 
6021 0 5 
6130 0 5 
6234 0 5 
6354 0 5 
6475 0 5 
6605 0 5 
6741 0 5 
6851 0 5 
6975 0 5 
7105 0 5 
7229 0 5 
7352 0 5 
7469 0 5 
7569 0 5 
7688 0 5 
7822 0 5 
7918 0 5 
8046 0 5 
8169 0 5 
8305 0 5 
8416 0 5 
8529 0 5 
8650 0 5 
8761 0 5 
8891 0 5 
9008 0 5 
9117 0 5 
9260 0 6 
9376 0 6 
9487 0 6 
9605 0 6 
9719 0 7 
9823 0 7 
9948 0 7 
10065 1 7 
10158 1 8 
10273 1 8 
10396 1 8 
10512 1 8 
10623 1 8 
10734 1 8 
10846 2 8 
10962 2 8 
11079 2 8 
11191 2 8 
11325 2 8 
11443 2 8 
11566 2 8 
11668 2 8 
11801 2 8 
11923 2 8 
12027 2 8 
12141 2 8 
12253 2 8 
12379 2 8 
12516 2 8 
12633 2 9 
12749 2 9 
12852 2 9 
12963 3 9 
13099 3 9 
13248 3 9 
13389 3 9 
13505 3 10 
13626 3 10 
13730 3 10 
13858 4 10 
13975 4 10 
14079 4 10 
14190 4 10 
14309 4 10 
14448 4 10 
14564 4 10 
14675 4 10 
14774 4 10 
14901 4 10 
15013 4 10 
15135 4 10 
15247 4 10 
15358 4 10 
15503 4 10 
15604 4 10 
15733 4 10 
15862 4 10 
15978 4 10 
16082 4 10 
16199 4 10 
16346 4 10 
16473 4 10 
16598 4 10 
16727 4 10 
16865 4 10 
16973 4 10 
17106 4 10 
17228 4 10 
17349 4 10 
17457 4 10 
17567 4 10 
17696 4 10 
17808 4 10 
17912 4 10 
18027 4 10 
18146 4 10 
18279 4 10 
18419 4 10 
18537 4 10 
18647 4 10 
18764 4 10 
18886 4 10 
18992 4 10 
19104 4 10 
19216 4 10 
19340 4 10 
19464 4 10 
19593 4 10 
19727 4 10 
19852 4 10 
19973 4 10 
20096 4 10 
20196 4 10 
20299 4 10 
20426 4 10 
20564 4 10 
20707 4 10 
20815 4 10 
20938 4 10 
21072 4 10 
21196 4 10 
21310 4 10 
21424 4 10 
21576 4 11 
21619 5 11 
21662 5 11 
21705 5 11 
21739 5 11 
21777 5 11 
21809 5 11 
21851 5 11 
21896 5 11 
21934 5 11 
21977 5 11 
22008 5 11 
22051 5 11 
22099 5 12 
22153 5 12 
22198 5 12 
22236 5 12 
22280 6 12 
22316 6 12 
22354 6 12 
22382 6 12 
22415 6 13 
22454 6 13 
22486 6 13 
22524 6 13 
22564 6 13 
22601 6 13 
22644 6 13 
22692 6 13 
22743 6 13 
22783 6 13 
22819 6 13 
22871 6 13 
22913 6 13 
22960 6 13 
23009 6 13 
23062 6 13 
23115 6 13 
23163 6 13 
23204 6 13 
23244 6 13 
23275 6 13 
23315 6 13 
23359 6 13 
23399 6 13 
23436 6 13 
23482 6 14 
23520 6 14 
23556 6 14 
23595 6 14 
23641 6 14 
23688 6 14 
23726 6 14 
23772 6 14 
23806 6 14 
23846 6 14 
23892 6 14 
23935 6 14 
23975 6 15 
24024 6 15 
24070 6 15 
24110 6 15 
24153 7 15 
24192 7 15 
24227 7 15 
24270 7 15 
24313 7 15 
24345 7 15 
24402 7 16 
24437 7 16 
24483 7 16 
24516 7 16 
24559 7 17 
24607 7 17 
24639 7 17 
24666 7 17 
24708 7 17 
24738 7 17 
24775 7 17 
24811 7 17 
24856 7 17 
24892 7 18 
24938 7 18 
24992 7 18 
25024 8 18 
25065 8 18 
25112 8 18 
25138 8 18 
25177 8 18 
25213 8 18 
25252 8 18 
25298 8 18 
25331 8 18 
25371 8 18 
25406 8 19 
25445 8 20 
25481 8 20 
25522 8 20 
25564 8 20 
25599 8 20 
25646 8 20 
25693 8 20 
25731 8 20 
25767 8 21 
25802 8 21 
25838 8 21 
25879 8 21 
25919 8 21 
25965 8 21 
25999 8 21 
26041 8 21 
26091 8 22 
26128 8 22 
26169 8 23 
26211 8 23 
26257 8 23 
26291 8 23 
26340 8 23 
26375 8 23 
26419 8 23 
26461 8 23 
26503 8 24 
26537 8 24 
26571 8 24 
26607 8 24 
26638 8 24 
26672 8 24 
26719 8 24 
26765 8 24 
26795 8 24 
26840 8 24 
26878 8 24 
26919 8 24 
26964 8 24 
26990 8 24 
27028 8 24 
27065 8 24 
27110 8 25 
27157 8 25 
27197 8 26 
27240 8 26 
27289 8 26 
27329 8 26 
27368 8 26 
27408 8 26 
27445 8 26 
27488 8 26 
27524 8 26 
27552 8 26 
27599 8 26 
27643 8 26 
27685 8 26 
27717 8 26 
27764 8 26 
27796 8 26 
27833 8 26 
27868 8 26 
27927 8 26 
27962 8 26 
28009 8 26 
28055 8 26 
28103 8 26 
28157 8 26 
28197 8 26 
28244 8 26 
28271 8 26 
28304 8 26 
28352 8 26 
28394 8 26 
28426 8 26 
28475 8 26 
28517 8 26 
28553 8 27 
28584 9 27 
28631 9 27 
28681 9 28 
28735 9 28 
28776 9 28 
28810 9 28 
28859 9 28 
28912 9 28 
28964 9 28 
29008 9 28 
29044 9 28 
29073 9 28 
29113 9 28 
29147 9 28 
29183 9 28 
29230 9 28 
29268 9 28 
29308 9 28 
29337 9 28 
29377 9 28 
29409 9 28 
29441 9 28 
29467 9 28 
29504 9 28 
29546 9 28 
29587 9 28 
29624 9 28 
29675 9 29 
29724 9 29 
29766 9 29 
29804 9 29 
29830 9 29 
29869 9 29 
29903 9 29 
29949 9 29 
29997 9 29 
30037 9 29 
30075 9 29 
30116 9 29 
30155 9 29 
30199 9 29 
30229 9 29 
30280 9 29 
30317 9 29 
30352 9 29 
30385 9 29 
30436 9 30 
30459 9 30 
30505 10 31 
30539 10 31 
30574 10 31 
30607 10 31 
30640 10 31 
30683 11 31 
30720 11 31 
30751 11 31 
30788 11 31 
30837 11 31 
30873 11 31 
30910 11 31 
30956 11 31 
30988 11 31 
31036 11 31 
31068 11 31 
31110 11 31 
31155 11 31 
31194 11 31 
31231 11 31 
31274 11 31 
31318 11 31 
31355 11 31 
31410 11 31 
31447 11 31 
31481 11 31 
31529 11 31 
31567 11 32 
31592 11 32 
31632 11 32 
31679 11 32 
31713 11 32 
31757 11 32 
31806 12 32 
31836 12 32 
31878 12 32 
31920 12 32 
31950 12 32 
31991 12 32 
32024 12 33 
32054 12 33 
32109 12 33 
32153 12 33 
32197 12 33 
32242 12 33 
32284 12 33 
32319 12 33 
32350 12 33 
32386 12 33 
32429 12 33 
32471 12 33 
32506 12 33 
32563 12 33 
32608 12 33 
32644 12 33 
32681 12 33 
32721 12 33 
32773 12 33 
32810 12 33 
32847 12 33 
32892 12 33 
32933 12 33 
32964 12 33 
33002 12 33 
33053 12 33 
33079 12 33 
33116 12 33 
33155 12 33 
33183 12 33 
33225 12 33 
33266 12 33 
33307 12 33 
33360 12 33 
33393 12 33 
33435 12 33 
33482 12 33 
33519 12 33 
33556 12 33 
33592 12 33 
33626 12 33 
33668 12 33 
33714 12 33 
33745 12 33 
33777 12 33 
33824 12 33 
33852 12 33 
33896 12 33 
33938 12 33 
33993 12 33 
34027 12 33 
34062 12 33 
34098 12 33 
34131 12 33 
34175 12 33 
34214 12 33 
34254 12 33 
34287 12 33 
34320 12 33 
34363 12 33 
34385 12 33 
34418 12 33 
34467 12 33 
34506 12 33 
34544 12 33 
34578 12 33 
34604 12 34 
34640 12 34 
34676 12 34 
34711 12 34 
34739 12 34 
34775 12 34 
34806 12 34 
34843 12 34 
34880 12 34 
34907 12 34 
34942 12 34 
34985 12 35 
35031 12 36 
35075 12 36 
35112 12 36 
35160 12 36 
35204 12 36 
35242 13 36 
35279 13 36 
35322 13 36 
35355 13 36 
35397 13 36 
35434 13 36 
35471 13 37 
35514 13 37 
35555 13 37 
35599 13 37 
35639 13 37 
35670 13 37 
35711 13 37 
35753 13 37 
35787 13 37 
35837 13 37 
35879 13 37 
35907 13 37 
35957 13 37 
35991 13 37 
36027 13 37 
36078 13 37 
36126 13 37 
36172 13 37 
36213 13 37 
36251 13 37 
36296 13 37 
36333 13 37 
36370 13 37 
36407 13 37 
36440 13 37 
36472 13 37 
36514 13 37 
36550 13 37 
36587 13 37 
36632 13 37 
36657 13 37 
36704 13 37 
36734 13 37 
36768 13 37 
36812 13 37 
36854 13 37 
36894 13 37 
36921 13 37 
36958 13 37 
37003 13 37 
37052 13 37 
37078 13 37 
37121 13 37 
37159 13 38 
37196 13 38 
37229 13 38 
37260 13 38 
37315 13 38 
37355 13 38 
37387 13 38 
37415 13 38 
37449 13 38 
37486 13 38 
37534 13 38 
37576 13 38 
37608 13 38 
37639 13 38 
37686 13 38 
37716 13 38 
37762 13 38 
37807 13 38 
37846 13 38 
37886 13 38 
37923 13 38 
37957 13 39 
37995 13 39 
38040 13 39 
38076 13 39 
38124 13 39 
38169 13 39 
38202 13 39 
38258 13 41 
38302 13 41 
38341 13 41 
38376 13 41 
38418 13 41 
38461 13 41 
38499 13 41 
38528 13 42 
38564 13 42 
38615 13 42 
38661 13 42 
38697 13 42 
38739 13 42 
38777 13 42 
38813 13 42 
38854 13 42 
38896 13 42 
38939 13 42 
38988 13 42 
39022 13 42 
39070 13 43 
39121 13 43 
39158 13 43 
39202 13 43 
39236 13 43 
39278 13 43 
39316 13 43 
39347 13 43 
39384 13 43 
39430 13 43 
39470 13 43 
39570 13 43 
39658 13 43 
39739 13 43 
39808 13 43 
39879 13 43 
39950 13 43 
40035 13 43 
40108 13 43 
40187 13 43 
40249 13 43 
40315 13 43 
40399 13 43 
40467 13 43 
40555 13 43 
40629 13 43 
40693 13 43 
40774 13 43 
40862 13 43 
40936 13 43 
41004 13 43 
41090 13 43 
41165 13 44 
41238 13 44 
41319 13 44 
41401 13 44 
41478 13 44 
41569 14 44 
41652 14 44 
41745 14 44 
41815 14 44 
41892 14 44 
41971 14 44 
42053 14 44 
42126 14 44 
42210 14 44 
42290 14 45 
42359 14 45 
42421 14 45 
42492 14 45 
42582 14 45 
42657 14 45 
42742 14 45 
42823 14 45 
42898 14 45 
42983 14 45 
43046 14 45 
43126 14 45 
43183 14 45 
43264 14 45 
43343 14 45 
43441 14 46 
43518 14 46 
43585 14 46 
43679 14 46 
43750 14 46 
43828 14 46 
43903 14 46 
43993 14 46 
44065 14 46 
44141 14 46 
44227 14 47 
44308 14 47 
44378 14 47 
44470 14 47 
44551 14 47 
44632 14 47 
44709 14 47 
44792 14 47 
44864 14 47 
44944 14 47 
45021 14 47 
45098 14 47 
45171 14 47 
45248 14 48 
45339 14 48 
45431 14 48 
45503 14 48 
45572 14 49 
45639 14 49 
45711 14 49 
45775 14 50 
45850 15 50 
45930 15 50 
45997 15 50 
46062 15 50 
46147 15 50 
46237 15 50 
46307 15 50 
46393 15 50 
46479 15 50 
46568 15 51 
46651 15 51 
46750 15 51 
46843 15 51 
46933 15 51 
47019 15 51 
47090 15 51 
47174 15 51 
47239 15 51 
47323 15 51 
47396 15 51 
47487 15 51 
47563 15 51 
47653 15 52 
47735 15 52 
47826 15 52 
47931 15 52 
48004 15 52 
48081 15 52 
48158 15 52 
48231 15 52 
48309 15 52 
48375 15 52 
48463 15 52 
48533 15 52 
48596 15 52 
48689 15 52 
48768 15 52 
48857 15 52 
48950 15 52 
49040 15 52 
49122 15 52 
49193 15 52 
49269 15 52 
49350 15 52 
49442 15 52 
49529 15 52 
49614 15 52 
49683 15 52 
49760 15 52 
49838 15 52 
49916 15 52 
49999 15 52 
50075 15 52 
50159 15 52 
50235 15 52 
50311 15 52 
50390 15 52 
50471 15 52 
50533 15 52 
50614 15 52 
50698 15 52 
50780 15 52 
50883 15 52 
50965 15 52 
51025 15 52 
51130 15 52 
51202 15 52 
51255 15 53 
51328 15 54 
51367 15 54 
51414 15 54 
51462 15 54 
51512 15 54 
51570 15 54 
51623 15 54 
51661 15 54 
51713 15 54 
51764 15 56 
51804 16 56 
51847 16 56 
51896 16 56 
51933 16 56 
51979 16 56 
52036 16 56 
52094 16 56 
52152 16 56 
52205 16 56 
52258 16 56 
52306 16 56 
52359 16 56 
52402 16 56 
52450 16 56 
52490 16 56 
52537 16 56 
52584 16 56 
52652 16 56 
52697 16 56 
52753 16 56 
52817 16 56 
52875 16 56 
52917 16 56 
52963 16 56 
53005 16 56 
53058 16 56 
53101 16 56 
53154 16 56 
53197 16 56 
53248 16 56 
53290 16 56 
53345 16 56 
53388 16 56 
53439 16 56 
53487 16 56 
53532 16 56 
53579 16 57 
53635 17 57 
53674 17 57 
53719 17 57 
53772 17 57 
53821 17 57 
53860 17 57 
53909 17 57 
53959 17 57 
54017 17 57 
54073 17 57 
54119 17 57 
54175 17 57 
54222 17 57 
54273 17 57 
54327 17 57 
54382 17 57 
54434 17 57 
54489 17 57 
54532 17 57 
54580 17 57 
54616 17 57 
54658 17 57 
54694 17 57 
54737 17 57 
54784 17 57 
54825 17 57 
54887 17 57 
54930 17 57 
54976 17 58 
55033 17 58 
55077 17 58 
55122 17 58 
55179 17 58 
55237 17 58 
55281 17 58 
55331 17 58 
55387 17 58 
55435 17 58 
55483 17 58 
55537 17 58 
55586 17 59 
55648 17 59 
55693 17 59 
55741 17 60 
55786 17 60 
55841 17 60 
55882 17 60 
55930 17 60 
55985 17 60 
56017 17 60 
56066 17 60 
56132 17 60 
56179 17 60 
56218 17 60 
56267 17 60 
56306 17 60 
56352 17 60 
56391 17 60 
56433 17 61 
56485 17 61 
56542 17 61 
56594 17 61 
56646 17 61 
56691 17 61 
56754 17 61 
56811 17 61 
56860 17 61 
56912 17 61 
56959 17 61 
57012 17 61 
57061 17 61 
57109 17 61 
57155 17 61 
57210 17 61 
57250 17 61 
57306 17 61 
57341 17 61 
57397 17 61 
57457 17 61 
57501 17 61 
57542 17 61 
57593 17 61 
57654 17 61 
57705 17 62 
57744 17 62 
57790 17 62 
57835 17 62 
57888 17 62 
57930 17 62 
57967 18 62 
58010 18 62 
58059 18 62 
58097 18 62 
58130 18 62 
58188 18 62 
58249 18 62 
58295 18 62 
58340 18 62 
58387 18 62 
58440 18 62 
58493 18 62 
58539 18 63 
58576 18 63 
58623 18 63 
58674 18 63 
58721 18 63 
58770 18 63 
58826 18 63 
58877 18 63 
58919 18 63 
58973 18 63 
59021 18 63 
59066 18 63 
59123 18 64 
59167 18 64 
59212 18 64 
59264 18 64 
59331 18 64 
59392 18 64 
59447 18 64 
59520 18 64 
59562 18 64 
59611 18 65 
59657 18 65 
59716 18 65 
59751 18 65 
59802 18 65 
59850 18 65 
59899 18 65 
59959 18 66 
59997 18 66 
60055 18 66 
60108 18 66 
60151 18 66 